id,rank,name,genus,species,authors,author_ids,year,status,citation_micro,citation_full,citation_id,publication_id,basionym_id,type_id,ipni_id,wfo_id,gbif_id,indexfungorum_id,note
e6756612-8fd1-11eb-924d-9cd76263cbd0,genus,Medicago,,,L.,0,1753,,"Sp. Pl. : 778 (1753)",,,Q849308,,,urn:lsid:ipni.org:names:331761-2,wfo-4000023435,2965200,,
0a825ad6-8fc5-11eb-924d-9cd76263cbd0,species,aculeata,Medicago,,Willd.,0,1802,,"Sp. Pl., ed. 4 [Willdenow] 3(2): 1410. 1802 [1-10 Nov 1802]",,,Q849308,,,urn:lsid:ipni.org:names:506044-1,wfo-0000191135,2965462,,
14e9cb40-8fc4-11eb-924d-9cd76263cbd0,variety,inermis,Medicago,aculeata,"(Asch.) Heyn",0,,,,,,,,,,wfo-0000186241,2965460,,
344f6aa0-8fcc-11eb-924d-9cd76263cbd0,species,aegagropila,Medicago,,Desv.,0,1814,,"J. Bot. Agric. 3: 76 (1814)",,,,,,urn:lsid:ipni.org:names:506047-1,wfo-0000374341,3977236,,
09ba7154-8fc7-11eb-924d-9cd76263cbd0,species,afghanica,Medicago,,"(Bordz.) Vassilcz.",0,1946,,"Bot. Zhurn. S.S.S.R. 31(3): 28 (1946)",,,Q2504738,,,urn:lsid:ipni.org:names:506048-1,wfo-0000200761,2965349,,
240ec97c-8fc4-11eb-924d-9cd76263cbd0,species,agrestis,Medicago,,Ten.,0,1815,,"Fl. Napol. 1(Prodr.): LXXI (1815)",,,,,,urn:lsid:ipni.org:names:506049-1,wfo-0000186582,2965447,,
081e18f0-8fc7-11eb-924d-9cd76263cbd0,species,agropyretorum,Medicago,,Vassilcz.,0,1941,,"Bot. Zhurn. (Moscow & Leningrad) 26(1): 44 (1941)",,,Q2504738,,,urn:lsid:ipni.org:names:50990180-1,wfo-0000200728,2965421,,
344d044a-8fcc-11eb-924d-9cd76263cbd0,species,alaschanica,Medicago,,Vassilcz.,0,1950,,"Bot. Mater. Gerb. Bot. Inst. Komarova Akad. Nauk S.S.S.R. 12: 113 (1950)",,,Q5732625,,,urn:lsid:ipni.org:names:506050-1,wfo-0000374325,3966964,,
082afbb0-8fc7-11eb-924d-9cd76263cbd0,species,alatavica,Medicago,,Vassilcz.,0,1949,,"Trudy Bot. Inst. Akad. Nauk S.S.S.R., Ser. 1, Fl. Sist. Vyssh. Rast. 8: 53 (1949)",,,,,,urn:lsid:ipni.org:names:506051-1,wfo-0000200729,2965312,,
344d242a-8fcc-11eb-924d-9cd76263cbd0,species,alba,Medicago,,E.H.L.Krause,0,1901,,"Deutschl. Fl. Abbild. , ed. 2, 9: 128 (1901)",,,,,,urn:lsid:ipni.org:names:506052-1,wfo-0000374326,3966958,,
344ebc68-8fcc-11eb-924d-9cd76263cbd0,species,altissima,Medicago,,"(Thuill.) E.H.L.Krause",0,1901,,"Deutschl. Fl. Abbild. , ed. 2, 9: 125 (1901)",,,,,,urn:lsid:ipni.org:names:506053-1,wfo-0000374335,3966955,,
344db480-8fcc-11eb-924d-9cd76263cbd0,species,ambigua,Medicago,,"Jord. ex Boreau",0,1857,,"Fl. Centre France , ed. 3, 2: 147 (1857)",,,,,,urn:lsid:ipni.org:names:506054-1,wfo-0000374327,3966950,,
344ccaca-8fcc-11eb-924d-9cd76263cbd0,species,americana,Medicago,,Larrañaga,0,1923,,"Escritos D. A. Larrañaga 2: 233 (1923)",,,,,,urn:lsid:ipni.org:names:155740-2,wfo-0000374323,3912006,,
344ddfa0-8fcc-11eb-924d-9cd76263cbd0,species,amethystina,Medicago,,"C.C.Gmel. ex Steud.",0,1821,,"Nomencl. Bot. 1: 513 (1821)",,,,,,urn:lsid:ipni.org:names:506056-1,wfo-0000374328,3966941,,
344dfeea-8fcc-11eb-924d-9cd76263cbd0,species,anguina,Medicago,,"(Delile) Romero Zarco",0,1996,,"Lagascalia 18: 265 (1996)",,,,6f6504ea-8fc9-11eb-924d-9cd76263cbd0,,urn:lsid:ipni.org:names:996721-1,wfo-0000374329,3966937,,
344e21cc-8fcc-11eb-924d-9cd76263cbd0,species,angulata,Medicago,,Láng,0,1865,,"Enum. 2; ex Neilr. Aufr. Ung. Gefaesspfl. 331.",,,,,,urn:lsid:ipni.org:names:506057-1,wfo-0000374330,8014991,,
344e6268-8fcc-11eb-924d-9cd76263cbd0,species,annularis,Medicago,,Besser,0,1809,,"Prim. Fl. Galiciae Austriac. 2: 127 (1809)",,,,,,urn:lsid:ipni.org:names:506058-1,wfo-0000374332,3966930,,
344e8130-8fcc-11eb-924d-9cd76263cbd0,species,apennina,Medicago,,J.Woods,0,1850,,"Tourist's Fl. : 84 (1850)",,,,,,urn:lsid:ipni.org:names:506059-1,wfo-0000374333,3966928,,
bf72f514-8fc9-11eb-924d-9cd76263cbd0,species,apiculata,Medicago,,Willd.,0,,,,,,,,,urn:lsid:ipni.org:names:155741-2,wfo-0000214465,2965534,,
b7d36984-8fcd-11eb-924d-9cd76263cbd0,variety,confinis,Medicago,apiculata,W.D.J.Koch,0,1835,,"Syn. Fl. Germ. Helv. 164 1835",,,,,,,wfo-0001061467,6710120,,
bf200f66-8fc9-11eb-924d-9cd76263cbd0,species,appenina,Medicago,,Woods,,,,,,,,,,,wfo-0000214459,,,
0e002a58-8fc5-11eb-924d-9cd76263cbd0,species,applanata,Medicago,,Hornem.,0,1814,,"Enum. Pl. Suppl. [Willdenow] 52. 1814 [Jul-Dec 1814]",,,,,,urn:lsid:ipni.org:names:506062-1,wfo-0000191208,2965304,,
88ea5794-8fc9-11eb-924d-9cd76263cbd0,species,arabica,Medicago,,"(L.) Huds.",0,1762,,"Fl. Angl. : 288 (1762)",,,,,,urn:lsid:ipni.org:names:58427-3,wfo-0000213417,2965527,,
5d99926e-1d4d-11ec-82c2-f14daa6f2d93,subspecies,inermis,Medicago,arabica,Ricker,,1913,,"Bull. Bur. Pl. Industr. U.S.D.A. 267: 33 (1913)",,,,,,urn:lsid:ipni.org:names:155742-2,wfo-0001359049,,,
43bac016-1d4d-11ec-82c2-f14daa6f2d93,form,purpurea,Medicago,arabica,"Burkart in Cabrera",,1967,,"Colecc. Ci. Inst. Nac. Tecnol. Agropecu. 4(3a): 560. 1967",,,,,,urn:lsid:ipni.org:names:155743-2,wfo-0001323966,,,
8906a0d4-8fc9-11eb-924d-9cd76263cbd0,species,arborea,Medicago,,L.,0,1753,,"Sp. Pl. : 778 (1753)",,,Q849308,,,urn:lsid:ipni.org:names:506064-1,wfo-0000213419,2965379,,
82274950-1d4d-11ec-82c2-f14daa6f2d93,subspecies,arborea,Medicago,arborea,,,,,Unknown,,,,,,urn:lsid:ipni.org:names:77190484-1,wfo-0001425619,,,
0a12f66e-8fc5-11eb-924d-9cd76263cbd0,variety,citrina,Medicago,arborea,"Font Quer",0,,,,,,,,,,wfo-0000191126,2965383,,
0a1f3f6e-8fc5-11eb-924d-9cd76263cbd0,subspecies,citrina,Medicago,arborea,"(Font Quer) O.Bolòs & Vigo",0,1974,,"Butl. Inst. Catalana Hist. Nat., Secc. Bot. 38(1): 69 (1974)",,,,0a12f66e-8fc5-11eb-924d-9cd76263cbd0,,urn:lsid:ipni.org:names:885574-1,wfo-0000191127,,,
5dd3c97a-1d4d-11ec-82c2-f14daa6f2d93,subspecies,strasseri,Medicago,arborea,"(Greuter, Matthäs & Risse) Sobr.-Vesp. & Ceresuela",,2000,,"Portugaliae Acta Biol., Sér. B, Sist. 19: 236 (2000)",,,,,,urn:lsid:ipni.org:names:20000786-1,wfo-0001359400,,,
a464b8f0-8fc6-11eb-924d-9cd76263cbd0,species,arborescens,Medicago,,C.Presl,0,1826,,"Fl. Sicul. : xx (1826)",,,Q16568226,,,urn:lsid:ipni.org:names:506066-1,wfo-0000198896,2965380,,
a4bcfe66-8fc6-11eb-924d-9cd76263cbd0,species,archiducis-nicolai,Medicago,,Sirj.,,,,,,,,,,,wfo-0000198900,2965216,,
b7116780-8fcd-11eb-924d-9cd76263cbd0,species,archiducis-nicolai,Medicago,,irj.,,1928,,"Bull. Misc. Inform. Kew 1928: 270 (1928)",,,Q5735532,,,urn:lsid:ipni.org:names:506067-1,wfo-0001059741,2965216,,
b697c95e-8fc6-11eb-924d-9cd76263cbd0,species,arcuata,Medicago,,"(C.A.Mey.) Trautv.",0,1841,,"Bull. Sci. Acad. Imp. Sci. Saint-Pétersbourg 8: 272 (1841)",,,,a808bd28-8fc9-11eb-924d-9cd76263cbd0,,urn:lsid:ipni.org:names:506068-1,wfo-0000199190,2965279,,
0bdb879a-8fc5-11eb-924d-9cd76263cbd0,species,arenaria,Medicago,,Ten.,0,1813,,"Cat. Hort. Neapol. 1813 , App. 1: 66 (1815)",,,,,,urn:lsid:ipni.org:names:506069-1,wfo-0000191164,2965490,,
b828c352-8fcd-11eb-924d-9cd76263cbd0,species,arenicola,Medicago,,"(Hub.-Mor.) E.Small",0,1987,,"Willdenowia 16: 433 (1987)",,,,,,urn:lsid:ipni.org:names:943771-1,wfo-0001062215,3966905,,
8a6c6148-8fc9-11eb-924d-9cd76263cbd0,species,aschersoniana,Medicago,,Urb.,0,1873,,"Verh. Bot. Vereins Prov. Brandenburg 15: 77 (1873)",,,,,,urn:lsid:ipni.org:names:506070-1,wfo-0000213449,2965224,,
345190a0-8fcc-11eb-924d-9cd76263cbd0,species,asiatica,Medicago,,Sinskaya,0,1950,,"Fl. Cult. Pl. 13(1): 71 (1950)",,,,,,urn:lsid:ipni.org:names:506071-1,wfo-0000374355,3966898,,
b786f40a-8fcd-11eb-924d-9cd76263cbd0,subspecies,sinensis,Medicago,asiatica,Sinskaya,0,1950,,"Fl. Cult. Pl. USSR 13(1): 82 1950",,,,,,,wfo-0001060786,7829945,,
967e5482-8fc4-11eb-924d-9cd76263cbd0,species,astroites,Medicago,,"(Fisch. & C.A.Mey.) Trautv.",0,1841,,"Bull. Sci. Acad. Imp. Sci. Saint-Pétersbourg 8: 271 (1841)",,,,,,urn:lsid:ipni.org:names:506072-1,wfo-0000188798,2965269,,
0ab37ab2-8fc5-11eb-924d-9cd76263cbd0,species,aurantiaca,Medicago,,Godr.,0,1853,,"Mém. Sect. Med. Acad. Sci. Montpellier 1: 425 (1853)",,,,,,urn:lsid:ipni.org:names:506074-1,wfo-0000191139,2965370,,
3450a88e-8fcc-11eb-924d-9cd76263cbd0,species,aurautiaca,Medicago,,Godr.,0,1853,,"Mém. Sect. Med. Acad. Sci. Montpellier 1: 425 (1853)",,,,,,urn:lsid:ipni.org:names:506074-1,wfo-0000374348,3966888,,
34516f6c-8fcc-11eb-924d-9cd76263cbd0,species,banofcensis,Medicago,,Kit.,0,1864,,"Linnaea 32: 615 (1864)",,,Q5976761,,,urn:lsid:ipni.org:names:506075-1,wfo-0000374354,3966887,,
b528ddcc-8fcd-11eb-924d-9cd76263cbd0,species,banofoensis,Medicago,,Kit.,0,1863,,"Linnaea 32: 615 1863",,,Q5976761,,,,wfo-0001055344,7390754,,
b7125ad2-8fcd-11eb-924d-9cd76263cbd0,species,beipinensis,Medicago,,Vassilcz.,0,1950,,"Bot. Mater. Gerb. Bot. Inst. Komarova Akad. Nauk S.S.S.R. 13: 141 (1950)",,,Q5732625,,,urn:lsid:ipni.org:names:506076-1,wfo-0001059750,3966884,,
344fd7f6-8fcc-11eb-924d-9cd76263cbd0,species,berteroana,Medicago,,Moris,0,1830,,"Ann. Storia Nat. 4: 59 (1830)",,,,,,urn:lsid:ipni.org:names:506077-1,wfo-0000374344,8236521,,
34502cba-8fcc-11eb-924d-9cd76263cbd0,species,berteroana,Medicago,,Nyman,0,1878,,"Consp. Fl. Eur. 1: 169. 1878 [Sep 1878]",,,Q5784347,,,urn:lsid:ipni.org:names:506078-1,wfo-0000374345,3966880,,
34506338-8fcc-11eb-924d-9cd76263cbd0,species,besseriana,Medicago,,E.H.L.Krause,0,1901,,"Deutschl. Fl. Abbild. , ed. 2, 9: 122 (1901)",,,,,,urn:lsid:ipni.org:names:506079-1,wfo-0000374346,3966878,,
0e0cc6aa-8fc5-11eb-924d-9cd76263cbd0,species,biancae,Medicago,,"(Tod. ex Urb.) P.Silva",0,1974,,"Agron. Lusit. 35: 298 (1974)",,,,,,urn:lsid:ipni.org:names:506081-1,wfo-0000191209,,,
b8292cd4-8fcd-11eb-924d-9cd76263cbd0,species,biflora,Medicago,,"(Griseb.) E.Small",0,1987,,"Willdenowia 16: 433 (1987)",,,,,,urn:lsid:ipni.org:names:943777-1,wfo-0001062219,3966871,,
34508a48-8fcc-11eb-924d-9cd76263cbd0,species,bimuricata,Medicago,,"Retz. ex Steud.",0,1821,,"Nomencl. Bot. 1: 513 (1821)",,,,,,urn:lsid:ipni.org:names:506082-1,wfo-0000374347,3966867,,
9f3dbcca-8fc9-11eb-924d-9cd76263cbd0,species,blancheana,Medicago,,Boiss.,0,1856,,"Diagn. Pl. Orient. , ser. 2, 5: 75 (1856)",,,Q5804986,,,urn:lsid:ipni.org:names:506083-1,wfo-0000213850,2965473,,
2578ff30-8fc4-11eb-924d-9cd76263cbd0,variety,bonarotiana,Medicago,blancheana,"(Arcang.) Arcang.",0,,,,,,,2584f2c2-8fc4-11eb-924d-9cd76263cbd0,,,wfo-0000186613,2965474,,
2584f2c2-8fc4-11eb-924d-9cd76263cbd0,species,bonarotiana,Medicago,,Arcang.,0,1876,,"Nuovo Giorn. Bot. Ital. 8: 5 (1876)",,,,,,urn:lsid:ipni.org:names:506084-1,wfo-0000186614,2965476,,
3450e6c8-8fcc-11eb-924d-9cd76263cbd0,species,bondevii,Medicago,,Kožuharov,0,1965,,"Mitt. Bot. Inst., Sofia xv. 157 (1965).",,,,,,urn:lsid:ipni.org:names:506085-1,wfo-0000374350,3966860,,
08a10fd0-8fc7-11eb-924d-9cd76263cbd0,species,borealis,Medicago,,Grossh.,0,1945,,"Fl. URSS 11: 391 (1945)",,,,,,urn:lsid:ipni.org:names:506086-1,wfo-0000200739,2965372,,
34510612-8fcc-11eb-924d-9cd76263cbd0,species,brachyacantha,Medicago,,A.Kern.,0,1868,,"Oesterr. Bot. Z. 18: 386 (1868)",,Q101056012,,,,urn:lsid:ipni.org:names:506087-1,wfo-0000374351,3966855,,
f5d634fa-8fc3-11eb-924d-9cd76263cbd0,species,brachycarpa,Medicago,,"Fisch. ex M.Bieb.",0,1819,,"Fl. Taur.-Caucas. 3: 517 (1819)",,,,,,urn:lsid:ipni.org:names:506088-1,wfo-0000185583,2965494,,
34512890-8fcc-11eb-924d-9cd76263cbd0,species,brachyloba,Medicago,,"Fisch. ex Moris",0,1833,,"Mem. Reale Accad. Sci. Torino 36: 190 (1833)",,,,,,urn:lsid:ipni.org:names:506089-1,wfo-0000374352,3966851,,
3449e09e-8fcc-11eb-924d-9cd76263cbd0,species,braunii,Medicago,,"Gren. & Godr.",0,1848,,"Fl. France 1: 393 (1848)",,,,,,urn:lsid:ipni.org:names:506090-1,wfo-0000374302,3966846,,
343b3bac-8fcc-11eb-924d-9cd76263cbd0,species,breviflora,Medicago,,Gilib.,0,1782,,"Fl. Lit. Inch. 2: 95 (1782)",,,,,,urn:lsid:ipni.org:names:506091-1,wfo-0000374200,3966843,,
b528f9e2-8fcd-11eb-924d-9cd76263cbd0,species,caerulea,Medicago,,"Less. ex Ledeb.",0,1842,,"Fl. Ross. 1: 526 (1843)",,,,,,urn:lsid:ipni.org:names:506092-1,wfo-0001055345,2965326,,
343d62e2-8fcc-11eb-924d-9cd76263cbd0,species,calcar,Medicago,,Lowe,0,1856,,"Hooker's J. Bot. Kew Gard. Misc. 8: 291 (1856)",,,,,,urn:lsid:ipni.org:names:506093-1,wfo-0000374216,3966838,,
343db756-8fcc-11eb-924d-9cd76263cbd0,species,canariensis,Medicago,,Benth.,0,1844,,"Hist. Nat. Iles Canaries 3(2; 3): 2 (1844)",,,,,,urn:lsid:ipni.org:names:506094-1,wfo-0000374219,3966835,,
9f4b6816-8fc9-11eb-924d-9cd76263cbd0,species,cancellata,Medicago,,M.Bieb.,0,1808,,"Fl. Taur.-Caucas. 2: 226 (1808)",,,,,,urn:lsid:ipni.org:names:506095-1,wfo-0000213851,2965376,,
343dd628-8fcc-11eb-924d-9cd76263cbd0,species,canescens,Medicago,,Graham,0,1831,,"Numer. List : n.º 5946 (1831)",,,,,,urn:lsid:ipni.org:names:506097-1,wfo-0000374220,8041104,,
343f47b0-8fcc-11eb-924d-9cd76263cbd0,species,canescens,Medicago,,Menyh.,0,1877,,"Kal. Vid. Növén. : 61 (1877)",,,,,,urn:lsid:ipni.org:names:506098-1,wfo-0000374229,3966823,,
b828dcca-8fcd-11eb-924d-9cd76263cbd0,species,carica,Medicago,,"(Hub.-Mor.) E.Small",0,1987,,"Willdenowia 16: 433 (1987)",,,,b6b31478-8fcd-11eb-924d-9cd76263cbd0,,urn:lsid:ipni.org:names:943773-1,wfo-0001062216,3966820,,
25c16fc2-8fc4-11eb-924d-9cd76263cbd0,species,carstiensis,Medicago,,Wulfen,0,1787,,"Collectanea 1: 86 (1787)",,,,,,urn:lsid:ipni.org:names:506099-1,wfo-0000186619,2965232,,
343e5fa8-8fcc-11eb-924d-9cd76263cbd0,species,casellasii,Medicago,,P.Monts.,0,1956,,"Collect. Bot. (Barcelona) 5: 61 (1956)",,,,,,urn:lsid:ipni.org:names:506100-1,wfo-0000374222,3966811,,
343e8960-8fcc-11eb-924d-9cd76263cbd0,species,caspia,Medicago,,"Gruner ex Boiss.",0,1888,,"Fl. Orient. , Suppl.: 167 (1888)",,,,,,urn:lsid:ipni.org:names:506101-1,wfo-0000374223,3966808,,
343eb28c-8fcc-11eb-924d-9cd76263cbd0,species,caspica,Medicago,,"Jacq. ex Spreng.",0,1818,,"Novi Provent. : 27 (1818)",,,,,,urn:lsid:ipni.org:names:506102-1,wfo-0000374224,3966799,,
343eebda-8fcc-11eb-924d-9cd76263cbd0,species,catalonica,Medicago,,Urb.,0,1872,,"Index Seminum (B, Berolinensis) 1872(App.): 4 (1872)",,,,,,urn:lsid:ipni.org:names:506103-1,wfo-0000374226,7968184,,
343f0c96-8fcc-11eb-924d-9cd76263cbd0,species,catalonica,Medicago,,Schrank,0,1819,,"Pl. Rar. Hort. Monac. : t. 28 (1819)",,,,,,urn:lsid:ipni.org:names:506104-1,wfo-0000374227,3966791,,
08454934-8fc7-11eb-924d-9cd76263cbd0,species,caucasica,Medicago,,Vassilcz.,0,1950,,"Bot. Mater. Gerb. Bot. Inst. Komarova Akad. Nauk S.S.S.R. 13: 141 (1950)",,,Q5732625,,,urn:lsid:ipni.org:names:506105-1,wfo-0000200731,2965483,,
343e3096-8fcc-11eb-924d-9cd76263cbd0,species,cibiniensis,Medicago,,"Lerchenf. ex Schur",0,1866,,"Enum. Pl. Transsilv. : 151 (1866)",,,,,,urn:lsid:ipni.org:names:506106-1,wfo-0000374221,3966785,,
23eaaad8-8fc4-11eb-924d-9cd76263cbd0,species,ciliaris,Medicago,,Savi,0,1804,,"Due Cent. Piante : 148 (1804)",,,,,,urn:lsid:ipni.org:names:506109-1,wfo-0000186579,2965411,,
9592619e-8fc4-11eb-924d-9cd76263cbd0,species,cinerascens,Medicago,,Jord.,0,1854,,"Arch. Fl. France Allemagne 2: 316 (1854)",,,,,,urn:lsid:ipni.org:names:506111-1,wfo-0000188778,2965440,,
b52915c6-8fcd-11eb-924d-9cd76263cbd0,species,circinnata,Medicago,,L.,0,1753,,"Sp. Pl. : 778 (1753)",,,Q849308,,,urn:lsid:ipni.org:names:506113-1,wfo-0001055346,3966768,,
343cc6fc-8fcc-11eb-924d-9cd76263cbd0,species,cirtensis,Medicago,,Rouy,0,1899,,"Fl. France 5: 14 (1899)",,,,,,urn:lsid:ipni.org:names:506114-1,wfo-0000374211,3966765,,
0838236c-8fc7-11eb-924d-9cd76263cbd0,species,ciscaucasica,Medicago,,B.Fedtsch.,0,1940,,"Bot. Mater. Gerb. Bot. Inst. Komarova Akad. Nauk S.S.S.R. 8: 176 (1940)",,,Q5732625,,,urn:lsid:ipni.org:names:506115-1,wfo-0000200730,2965377,,
0a06a2ce-8fc5-11eb-924d-9cd76263cbd0,species,citrina,Medicago,,"(Font Quer) Greuter",0,1986,,"Willdenowia 16: 112 (1986)",,,,0a12f66e-8fc5-11eb-924d-9cd76263cbd0,,urn:lsid:ipni.org:names:942918-1,wfo-0000191125,2965382,,
343d0176-8fcc-11eb-924d-9cd76263cbd0,species,clypeata,Medicago,,Lindl.,0,1839,,"Edwards's Bot. Reg. 25(Misc.): 60 (1839)",,,,,,urn:lsid:ipni.org:names:506116-1,wfo-0000374213,3966760,,
343d211a-8fcc-11eb-924d-9cd76263cbd0,species,cochleata,Medicago,,Pall.,0,1801,,"Reise Südl. Statthaltersch. Russ. Reich. 2: 336 (1801)",,,,,,urn:lsid:ipni.org:names:506117-1,wfo-0000374214,3966756,,
343d4230-8fcc-11eb-924d-9cd76263cbd0,species,coelesyriaca,Medicago,,"(Boiss.) E.H.L.Krause",0,1901,,"Deutschl. Fl. Abbild. , ed. 2, 9: 121 (1901)",,,,,,urn:lsid:ipni.org:names:506118-1,wfo-0000374215,3966753,,
1f30ee6c-8fc4-11eb-924d-9cd76263cbd0,species,coerulea,Medicago,,"Less. ex Nyman",0,1878,,"Consp. Fl. Eur. : 166 (1878)",,,Q5784347,,,urn:lsid:ipni.org:names:506119-1,wfo-0000186478,2965328,,
1ac5685e-8fcd-11eb-924d-9cd76263cbd0,species,coerulescens,Medicago,,F.K.Mey.,0,2011,,"Haussknechtia , Beih., 15: 86 (2011)",,,,,,urn:lsid:ipni.org:names:77115209-1,wfo-0000748652,8072761,,
343fddce-8fcc-11eb-924d-9cd76263cbd0,species,commutata,Medicago,,Tod.,0,1867,,"Index Seminum (PAL, Panormitani) 1867: 31 (1867)",,,,,,urn:lsid:ipni.org:names:506120-1,wfo-0000374234,3966746,,
343ca884-8fcc-11eb-924d-9cd76263cbd0,species,compressa,Medicago,,"Biroli ex Colla",0,1834,,"Herb. Pedem. 2: 100 (1834)",,,,,,urn:lsid:ipni.org:names:506121-1,wfo-0000374210,3966744,,
343f2a64-8fcc-11eb-924d-9cd76263cbd0,species,confinis,Medicago,,W.D.J.Koch,0,1835,,"Syn. Fl. Germ. Helv. 1(1): 164. 1835",,,,,,urn:lsid:ipni.org:names:506122-1,wfo-0000374228,8354210,,
34405880-8fcc-11eb-924d-9cd76263cbd0,species,conica,Medicago,,Schkuhr,0,1796,,"Bot. Handb. 2: 420 (1796)",,,,,,urn:lsid:ipni.org:names:506123-1,wfo-0000374238,3966738,,
b5293038-8fcd-11eb-924d-9cd76263cbd0,species,connivens,Medicago,,Trautv.,0,1841,,"Bull. Sci. Acad. Imp. Sci. Saint-Pétersbourg 8: 271 (1841)",,,,,,urn:lsid:ipni.org:names:506124-1,wfo-0001055347,3966737,,
b70f8d68-8fc6-11eb-924d-9cd76263cbd0,variety,genuina,Medicago,connivens,Trautv.,0,,,,,,,,,,wfo-0000199199,2965275,,
0a37fa72-8fc5-11eb-924d-9cd76263cbd0,species,constricta,Medicago,,Durieu,0,1873,,"Actes Soc. Linn. Bordeaux 29: 15 (1873)",,,,,,urn:lsid:ipni.org:names:506125-1,wfo-0000191129,2965412,,
34407a7c-8fcc-11eb-924d-9cd76263cbd0,species,contorta,Medicago,,Gilib.,0,1782,,"Fl. Lit. Inch. 2: 94 (1782)",,,,,,urn:lsid:ipni.org:names:506126-1,wfo-0000374239,3966732,,
09fa1b08-8fc5-11eb-924d-9cd76263cbd0,species,cordata,Medicago,,Desr.,0,1792,,"Encycl. 3: 636 (1792)",,,,,,urn:lsid:ipni.org:names:506127-1,wfo-0000191124,2965530,,
b5294c58-8fcd-11eb-924d-9cd76263cbd0,species,cornata,Medicago,,Desr.,0,1792,,"Encycl. 3(2): 634 1792",,,,,,,wfo-0001055348,7727392,,
3440c70c-8fcc-11eb-924d-9cd76263cbd0,species,corniculata,Medicago,,"(L.) Trautv.",0,1841,,"Bull. Sci. Acad. Imp. Sci. Saint-Pétersbourg 8: 271 (1841)",,,,,,urn:lsid:ipni.org:names:506128-1,wfo-0000374240,3966730,,
8914222c-8fc9-11eb-924d-9cd76263cbd0,species,coronata,Medicago,,"(L.) Bartal.",0,1776,,"Cat. Piante Siena : 61 (1776)",,,,,,urn:lsid:ipni.org:names:506129-1,wfo-0000213420,2965505,,
34415410-8fcc-11eb-924d-9cd76263cbd0,species,corrugata,Medicago,,Durieu,0,1845,,"Rev. Bot. Recueil Mens. 1: 365 (1845)",,,,,,urn:lsid:ipni.org:names:506132-1,wfo-0000374244,3966720,,
34417170-8fcc-11eb-924d-9cd76263cbd0,species,corymbifera,Medicago,,"W.L.E.Schmidt ex Schltdl.",0,1829,,"Linnaea 4: 74 (1829)",,,Q5976761,,,urn:lsid:ipni.org:names:506133-1,wfo-0000374245,3966718,,
344191dc-8fcc-11eb-924d-9cd76263cbd0,species,crassa,Medicago,,Porta,0,1879,,"Nuovo Giorn. Bot. Ital. 11: 249 (1879)",,,,,,urn:lsid:ipni.org:names:506134-1,wfo-0000374246,3966715,,
968aa552-8fc4-11eb-924d-9cd76263cbd0,species,crassipes,Medicago,,"(Boiss.) E.Small",0,1987,,"Willdenowia 16: 433 (1987)",,,,,,urn:lsid:ipni.org:names:943774-1,wfo-0000188799,2965455,,
3441b1d0-8fcc-11eb-924d-9cd76263cbd0,species,crassispina,Medicago,,Vis.,0,1829,,"Flora 12(1 Erg.): 20 (1829)",,,Q5862699,,,urn:lsid:ipni.org:names:506135-1,wfo-0000374247,3966711,,
9f590a8e-8fc9-11eb-924d-9cd76263cbd0,species,cretacea,Medicago,,M.Bieb.,0,1808,,"Fl. Taur.-Caucas. 2: 223 (1808)",,,,,,urn:lsid:ipni.org:names:506136-1,wfo-0000213852,2965500,,
344115ea-8fcc-11eb-924d-9cd76263cbd0,species,cretica,Medicago,,"(Mill.) Steud.",0,1821,,"Nomencl. Bot. 1: 512 (1821)",,,,,,urn:lsid:ipni.org:names:506137-1,wfo-0000374242,3966704,,
3440ede0-8fcc-11eb-924d-9cd76263cbd0,species,crinita,Medicago,,C.Presl,0,1826,,"Fl. Sicul. : xx (1826)",,,Q16568226,,,urn:lsid:ipni.org:names:506138-1,wfo-0000374241,3966702,,
bf3b6856-8fc9-11eb-924d-9cd76263cbd0,species,cuneata,Medicago,,J.Woods,,1850,,"Tourist's Fl. : 84 (1850)",,,,,,urn:lsid:ipni.org:names:506139-1,wfo-0000214461,2965303,,
0c18aa80-8fc5-11eb-924d-9cd76263cbd0,species,cupianiana,Medicago,,Guss.,0,1844,,"Fl. Sicul. Syn. 2: 362 (1844)",,,Q16568226,,,urn:lsid:ipni.org:names:506140-1,wfo-0000191170,2965207,,
343f85fe-8fcc-11eb-924d-9cd76263cbd0,species,cuspidata,Medicago,,Tausch,0,1831,,"Flora 14: 211 (1831)",,,Q5862699,,,urn:lsid:ipni.org:names:506141-1,wfo-0000374231,3966691,,
343fa408-8fcc-11eb-924d-9cd76263cbd0,species,cyclocarpa,Medicago,,Hy,0,1895,,"J. Bot. (Morot) 9: 431 (1895)",,,Q5946687,,,urn:lsid:ipni.org:names:506142-1,wfo-0000374232,3966689,,
0be7ed78-8fc5-11eb-924d-9cd76263cbd0,species,cylindracea,Medicago,,DC.,0,1813,,"Cat. Pl. Horti Monsp. : 123 (1813)",,,,,,urn:lsid:ipni.org:names:506143-1,wfo-0000191165,2965492,,
892253c4-8fc9-11eb-924d-9cd76263cbd0,species,cyrenaea,Medicago,,"Maire & Weiller",0,1939,,"Bull. Soc. Hist. Nat. Afrique N. 30: 273 (1939 publ. 1940)",,,Q5735497,,,urn:lsid:ipni.org:names:506144-1,wfo-0000213421,2965404,,
34401c30-8fcc-11eb-924d-9cd76263cbd0,species,cyrenaica,Medicago,,"Maire & Weiller",0,1939,,"Bull. Soc. Hist. Nat. Afrique N. 30: 273 (1939 publ. 1940)",,,Q5735497,,,urn:lsid:ipni.org:names:506144-1,wfo-0000374236,3966685,,
25cda2a6-8fc4-11eb-924d-9cd76263cbd0,species,daghestanica,Medicago,,"Rupr. ex Boiss.",0,1872,,"Fl. Orient. 2: 95 (1872)",,,,,,urn:lsid:ipni.org:names:506145-1,wfo-0000186620,2965519,,
343f654c-8fcc-11eb-924d-9cd76263cbd0,species,decaisneana,Medicago,,Tod.,0,1866,,"Index Seminum (PAL, Panormitani) 1866: 35 (1867)",,,,,,urn:lsid:ipni.org:names:506146-1,wfo-0000374230,3966679,,
0cdd5272-8fc5-11eb-924d-9cd76263cbd0,species,decandolei,Medicago,,Guss.,0,,,,,,,,,,wfo-0000191187,,,
b5296954-8fcd-11eb-924d-9cd76263cbd0,species,decandollei,Medicago,,"Tineo ex Guss.",0,1844,,"Fl. Sicul. Syn. 2: 369 (1844)",,,Q16568226,,,urn:lsid:ipni.org:names:506147-1,wfo-0001055349,,,
0ebcc05a-8fc5-11eb-924d-9cd76263cbd0,species,declinata,Medicago,,Kit.,0,1864,,"Linnaea 32: 613 (1864)",,,Q5976761,,,urn:lsid:ipni.org:names:506148-1,wfo-0000191222,2965288,,
343fff0c-8fcc-11eb-924d-9cd76263cbd0,species,dentata,Medicago,,"(Waldst. & Kit.) E.H.L.Krause",0,1901,,"Deutschl. Fl. Abbild. , ed. 2, 9: 124 (1901)",,,,,,urn:lsid:ipni.org:names:506149-1,wfo-0000374235,3966671,,
8b3e2fa2-8fc9-11eb-924d-9cd76263cbd0,species,denticulata,Medicago,,Willd.,0,,,,,,,,,urn:lsid:ipni.org:names:155744-2,wfo-0000213464,2965545,,
b7d3873e-8fcd-11eb-924d-9cd76263cbd0,variety,brevispina,Medicago,denticulata,Benth.,0,1826,,"Cat. Pl. Pyrénées 103 1826",,,,,,,wfo-0001061468,6710122,,
b7d2a7ce-8fcd-11eb-924d-9cd76263cbd0,variety,vulgaris,Medicago,denticulata,Benth.,0,1826,,"Cat. Pl. Pyrénées 103 1826",,,,,,,wfo-0001061460,6710115,,
bfb8254e-8fc9-11eb-924d-9cd76263cbd0,species,depressa,Medicago,,Jord.,0,1848,,"Index Seminum (DIJON, Divionensis) 1848: 28 (1848)",,,,,,urn:lsid:ipni.org:names:506152-1,wfo-0000214470,2965446,,
0be3a7b6-8fc7-11eb-924d-9cd76263cbd0,species,dicarpa,Medicago,,Trautv.,0,1870,,"Trudy Imp. S.-Peterburgsk. Bot. Sada 1: 24 (1870)",,,,,,urn:lsid:ipni.org:names:506153-1,wfo-0000200804,2981678,,
086c6ffa-8fc7-11eb-924d-9cd76263cbd0,species,difalcata,Medicago,,Sinskaya,0,1948,,"Trudy Prikl. Bot. 28(1): 29 (1948)",,,,,,urn:lsid:ipni.org:names:506154-1,wfo-0000200735,2965305,,
0bcf421e-8fc5-11eb-924d-9cd76263cbd0,species,diffusa,Medicago,,Poir.,0,1814,,"Encycl. , Suppl. 3: 524 (1814)",,,,,,urn:lsid:ipni.org:names:506155-1,wfo-0000191163,2965229,,
893030de-8fc9-11eb-924d-9cd76263cbd0,species,disciformis,Medicago,,DC.,0,1813,,"Cat. Pl. Horti Monsp. : 124 (1813)",,,,,,urn:lsid:ipni.org:names:506157-1,wfo-0000213422,2965208,,
34398a78-8fcc-11eb-924d-9cd76263cbd0,species,distans,Medicago,,Poir.,0,1813,,"Encycl. , Suppl. 3: 326 (1813)",,,,,,urn:lsid:ipni.org:names:506158-1,wfo-0000374185,3966644,,
893dbbf0-8fc9-11eb-924d-9cd76263cbd0,species,doliata,Medicago,,Carmign.,0,1818,,"Giorn. Sci. Accad. Ital. 1: 48 (1818)",,,,,,urn:lsid:ipni.org:names:506159-1,wfo-0000213423,2965459,,
b804a06c-8fcd-11eb-924d-9cd76263cbd0,variety,muricata,Medicago,doliata,"(Benth.) Heyn",0,1970,,"Fl. Turkey & E. Aegean Isl. 3: 507 1970",,,,,,,wfo-0001061905,4929972,,
3439a8dc-8fcc-11eb-924d-9cd76263cbd0,species,dubia,Medicago,,E.H.L.Krause,0,1901,,"Deutschl. Fl. Abbild. , ed. 2, 9: 142 (1901)",,,,,,urn:lsid:ipni.org:names:506160-1,wfo-0000374186,3966643,,
08798a46-8fc7-11eb-924d-9cd76263cbd0,species,dzhavakhetica,Medicago,,Bordz.,0,,,,,,,,,,wfo-0000200736,2965469,,
26165186-8fc4-11eb-924d-9cd76263cbd0,species,dzhawakhetica,Medicago,,Bordz.,0,,,,,,,,,,wfo-0000186626,2965470,,
34393708-8fcc-11eb-924d-9cd76263cbd0,species,echinata,Medicago,,Steud.,0,1841,,"Nomencl. Bot. , ed. 2, 2: 109 (1841)",,,,,,urn:lsid:ipni.org:names:506162-1,wfo-0000374183,8094297,,
3439e54a-8fcc-11eb-924d-9cd76263cbd0,species,echinata,Medicago,,Boucher,0,1803,,"Extr. Fl. Abbeville : 56 (1803)",,,,,,urn:lsid:ipni.org:names:506161-1,wfo-0000374188,7581698,,
343a1bf0-8fcc-11eb-924d-9cd76263cbd0,species,echinata,Medicago,,St.-Lag.,0,1880,,"Ann. Soc. Bot. Lyon 7: 130 (1880)",,,Q29185916,,,urn:lsid:ipni.org:names:506163-1,wfo-0000374190,3966632,,
343a372a-8fcc-11eb-924d-9cd76263cbd0,species,echinata,Medicago,,"Banks & Sol.",0,1794,,"Nat. Hist. Aleppo , ed. 2, 2: 261 (1794)",,,,,,urn:lsid:ipni.org:names:506164-1,wfo-0000374191,8101592,,
bef621f6-8fc9-11eb-924d-9cd76263cbd0,species,echinus,Medicago,,DC.,0,1805,,"Fl. Franç. , ed. 3, 4: 546 (1805)",,,,,,urn:lsid:ipni.org:names:506165-1,wfo-0000214456,2965408,,
96975cfc-8fc4-11eb-924d-9cd76263cbd0,species,edgeworthii,Medicago,,Sirj.,,,,,,,,,,,wfo-0000188800,2965426,,
b7120866-8fcd-11eb-924d-9cd76263cbd0,species,edgeworthii,Medicago,,irj.,,1938,,"Oesterr. Bot. Z. 87: 123 (1938)",,Q101061462,,,,urn:lsid:ipni.org:names:506166-1,wfo-0001059747,2965426,,
bfd3dd8e-8fc9-11eb-924d-9cd76263cbd0,species,elegans,Medicago,,"Jacq. ex Willd.",0,1802,,"Sp. Pl., ed. 4 , 3: 1408 (1802)",,,Q849308,,,urn:lsid:ipni.org:names:506168-1,wfo-0000214472,2965585,,
344edad6-8fcc-11eb-924d-9cd76263cbd0,species,elongata,Medicago,,"(Rochel) Simonk. ex Kern",0,1893,,"Sched. Fl. Exs. Austro-Hung. 6: 4 (1893)",,,,,,urn:lsid:ipni.org:names:506169-1,wfo-0000374336,3966618,,
344ef64c-8fcc-11eb-924d-9cd76263cbd0,species,erecta,Medicago,,Kotov,0,1940,,"Bot. urn. (Kiev) 1(2): 276 (1940)",,,,,,urn:lsid:ipni.org:names:506170-1,wfo-0000374337,3966614,,
344f15a0-8fcc-11eb-924d-9cd76263cbd0,species,eriocarpa,Medicago,,Rouy,0,1899,,"Fl. France 5: 25 (1899)",,,,,,urn:lsid:ipni.org:names:506171-1,wfo-0000374338,3966612,,
344f4cbe-8fcc-11eb-924d-9cd76263cbd0,species,esculenta,Medicago,,"Rottler ex Willd.",0,1809,,"Enum. Pl. : 799 (1809)",,,,,,urn:lsid:ipni.org:names:506172-1,wfo-0000374340,3966608,,
344fb140-8fcc-11eb-924d-9cd76263cbd0,species,eusativa,Medicago,,Sinskaya,0,1950,,"Fl. Cult. Pl. 13(1): 65 (1950)",,,,,,urn:lsid:ipni.org:names:506173-1,wfo-0000374343,3966603,,
8958e268-8fc9-11eb-924d-9cd76263cbd0,species,falcata,Medicago,,L.,0,1753,,"Sp. Pl. : 779 (1753)",,,Q849308,,,urn:lsid:ipni.org:names:506175-1,wfo-0000213426,2965354,,
622ca546-1d4d-11ec-82c2-f14daa6f2d93,subspecies,adenocarpa,Medicago,falcata,Soják,,1981,,"Cas. Nár. Mus., Odd. Prír. 150: 138 (1981 publ. 1982)",,,,,,urn:lsid:ipni.org:names:917095-1,wfo-0001365189,,,
71bf1e44-1d4d-11ec-82c2-f14daa6f2d93,variety,adscendens,Medicago,falcata,Sumn.,,1932,,"Sist. Zametki Mater. Gerb. Krylova Tomsk. Gosud. Univ. Kuybysheva 1-2: 10 (1932)",,,,,,urn:lsid:ipni.org:names:77161126-1,wfo-0001386130,,,
71c076e0-1d4d-11ec-82c2-f14daa6f2d93,variety,altaica,Medicago,falcata,Sumn.,,1932,,"Sist. Zametki Mater. Gerb. Krylova Tomsk. Gosud. Univ. Kuybysheva 1-2: 13 (1932)",,,,,,urn:lsid:ipni.org:names:77161134-1,wfo-0001386138,,,
0bc7acf2-8fc0-11eb-924d-9cd76263cbd0,variety,ambigua,Medicago,falcata,Trautv.,0,,,,,,,,,,wfo-0000163688,2965348,,
735650ce-1d4d-11ec-82c2-f14daa6f2d93,variety,amphitricha,Medicago,falcata,Soják,,1981,,"Cas. Nár. Mus., Odd. Prír. 150: 138 (1981 publ. 1982)",,,,,,urn:lsid:ipni.org:names:917096-1,wfo-0001388263,,,
a56430c8-8fc6-11eb-924d-9cd76263cbd0,subspecies,erecta,Medicago,falcata,Kotov,0,,,,,,,,,,wfo-0000198909,2965361,,
38ea5192-1d48-11ec-82c2-f14daa6f2d93,subspecies,falcata,Medicago,falcata,L.,,,,Unknown,,,,,,urn:lsid:ipni.org:names:77190564-1,wfo-0000213427,,,
a2bdc2a8-1d4c-11ec-82c2-f14daa6f2d93,variety,falcata,Medicago,falcata,,,,,,,,,,,,wfo-0001061923,,,
71bf78d0-1d4d-11ec-82c2-f14daa6f2d93,variety,ferruginea,Medicago,falcata,Sumn.,,1932,,"Sist. Zametki Mater. Gerb. Krylova Tomsk. Gosud. Univ. Kuybysheva 1-2: 10 (1932)",,,,,,urn:lsid:ipni.org:names:77161128-1,wfo-0001386132,,,
71bff710-1d4d-11ec-82c2-f14daa6f2d93,variety,foliosa,Medicago,falcata,Sumn.,,1932,,"Sist. Zametki Mater. Gerb. Krylova Tomsk. Gosud. Univ. Kuybysheva 1-2: 12 (1932)",,,,,,urn:lsid:ipni.org:names:77161131-1,wfo-0001386135,,,
0abfd42e-8fc5-11eb-924d-9cd76263cbd0,subspecies,glandulosa,Medicago,falcata,"(W.D.J.Koch) Greuter & Burdet",0,1989,,"Willdenowia 19: 32 (1989)",,,,,,urn:lsid:ipni.org:names:955499-1,wfo-0000191140,2965359,,
b7f78abc-8fcd-11eb-924d-9cd76263cbd0,variety,glandulosa,Medicago,falcata,Koch,0,1839,,"Deutschl. Fl. (ed. 3) 5: 318 1839",,,,,,urn:lsid:ipni.org:names:50959118-1,wfo-0001061791,6309400,,
625eab36-1d4d-11ec-82c2-f14daa6f2d93,subspecies,glomerata,Medicago,falcata,"(Balb.) Soják",,1981,,"Cas. Nár. Mus., Odd. Prír. 150: 138 (1981 publ. 1982)",,,,,,urn:lsid:ipni.org:names:921166-1,wfo-0001365409,,,
71bef3c4-1d4d-11ec-82c2-f14daa6f2d93,variety,lignescens,Medicago,falcata,Sumn.,,1932,,"Sist. Zametki Mater. Gerb. Krylova Tomsk. Gosud. Univ. Kuybysheva 1-2: 9 (1932)",,,,,,urn:lsid:ipni.org:names:77161125-1,wfo-0001386129,,,
71c09f9e-1d4d-11ec-82c2-f14daa6f2d93,variety,mongolica,Medicago,falcata,Sumn.,,1932,,"Sist. Zametki Mater. Gerb. Krylova Tomsk. Gosud. Univ. Kuybysheva 1-2: 13 (1932)",,,,,,urn:lsid:ipni.org:names:77161135-1,wfo-0001386139,,,
71bfcf1a-1d4d-11ec-82c2-f14daa6f2d93,variety,orientalis,Medicago,falcata,Sumn.,,1932,,"Sist. Zametki Mater. Gerb. Krylova Tomsk. Gosud. Univ. Kuybysheva 1-2: 11 (1932)",,,,,,urn:lsid:ipni.org:names:77161130-1,wfo-0001386134,,,
71c01e7a-1d4d-11ec-82c2-f14daa6f2d93,variety,pygmaea,Medicago,falcata,Sumn.,,1932,,"Sist. Zametki Mater. Gerb. Krylova Tomsk. Gosud. Univ. Kuybysheva 1-2: 12 (1932)",,,,,,urn:lsid:ipni.org:names:77161132-1,wfo-0001386136,,,
71c0ca64-1d4d-11ec-82c2-f14daa6f2d93,variety,ramosissima,Medicago,falcata,Sumn.,,1932,,"Sist. Zametki Mater. Gerb. Krylova Tomsk. Gosud. Univ. Kuybysheva 1-2: 13 (1932)",,,,,,urn:lsid:ipni.org:names:77161136-1,wfo-0001386140,,,
71c04b8e-1d4d-11ec-82c2-f14daa6f2d93,variety,revoluta,Medicago,falcata,Sumn.,,1932,,"Sist. Zametki Mater. Gerb. Krylova Tomsk. Gosud. Univ. Kuybysheva 1-2: 12 (1932)",,,,,,urn:lsid:ipni.org:names:77161133-1,wfo-0001386137,,,
09a05d00-8fc7-11eb-924d-9cd76263cbd0,variety,romanica,Medicago,falcata,"(Prodan) Hayek",0,,,,,,,,,,wfo-0000200759,6309399,,
b786d754-8fcd-11eb-924d-9cd76263cbd0,subspecies,romanica,Medicago,falcata,"(Prodán) O.Schwartz & Klink.",0,1933,,"Verh. Bot. Vereins Prov. Brandenburg 74: 182 1933",,,,,,,wfo-0001060785,2965356,,
71bfa350-1d4d-11ec-82c2-f14daa6f2d93,variety,sibirica,Medicago,falcata,Sumn.,,1932,,"Sist. Zametki Mater. Gerb. Krylova Tomsk. Gosud. Univ. Kuybysheva 1-2: 11 (1932)",,,,,,urn:lsid:ipni.org:names:77161129-1,wfo-0001386133,,,
0ac25daa-8fc7-11eb-924d-9cd76263cbd0,variety,subdicycla,Medicago,falcata,Trautv.,0,,,,,,,,,,wfo-0000200782,2965346,,
71bec07a-1d4d-11ec-82c2-f14daa6f2d93,variety,targabataica,Medicago,falcata,Sumn.,,1932,,"Sist. Zametki Mater. Gerb. Krylova Tomsk. Gosud. Univ. Kuybysheva 1-2: 9 (1932)",,,,,,urn:lsid:ipni.org:names:77161124-1,wfo-0001386128,,,
0af14a86-8fc5-11eb-924d-9cd76263cbd0,subspecies,tenderiensis,Medicago,falcata,"(Klokov) Vassilcz.",0,,,,,,,0afda952-8fc5-11eb-924d-9cd76263cbd0,,,wfo-0000191145,2965364,,
71bf468a-1d4d-11ec-82c2-f14daa6f2d93,variety,tenella,Medicago,falcata,Sumn.,,1932,,"Sist. Zametki Mater. Gerb. Krylova Tomsk. Gosud. Univ. Kuybysheva 1-2: 10 (1932)",,,,,,urn:lsid:ipni.org:names:77161127-1,wfo-0001386131,,,
625ed16a-1d4d-11ec-82c2-f14daa6f2d93,subspecies,tyrnensis,Medicago,falcata,"(Podp.) Soják",,1981,,"Cas. Nár. Mus., Odd. Prír. 150: 138 (1981 publ. 1982)",,,,,,urn:lsid:ipni.org:names:921167-1,wfo-0001365410,,,
0ad86ef8-8fc5-11eb-924d-9cd76263cbd0,subspecies,urumovii,Medicago,falcata,Degen,0,,,,,,,,,,wfo-0000191142,2965366,,
ef2d9fa8-8fc3-11eb-924d-9cd76263cbd0,species,fischeriana,Medicago,,"(Ser.) Trautv.",0,1841,,"Bull. Sci. Acad. Imp. Sci. Saint-Pétersbourg 8: 271 (1841)",,,,ef21a450-8fc3-11eb-924d-9cd76263cbd0,,urn:lsid:ipni.org:names:506176-1,wfo-0000185438,2965233,,
3439c966-8fcc-11eb-924d-9cd76263cbd0,species,fissa,Medicago,,Trautv.,0,1841,,"Bull. Sci. Acad. Imp. Sci. Saint-Pétersbourg 8: 272 (1841)",,,,,,urn:lsid:ipni.org:names:506177-1,wfo-0000374187,3966571,,
34380162-8fcc-11eb-924d-9cd76263cbd0,species,flexuosa,Medicago,,Ten.,0,1811,,"Fl. Napol. 1(Prodr.): XLV (1812)",,,,,,urn:lsid:ipni.org:names:506178-1,wfo-0000374174,3966567,,
34381c24-8fcc-11eb-924d-9cd76263cbd0,species,foenugraeca,Medicago,,"(L.) E.H.L.Krause",,1901,,"Deutschl. Fl. Abbild. , ed. 2, 9: 119 (1901)",,,,,,urn:lsid:ipni.org:names:506179-1,wfo-0000374175,3966563,,
34383664-8fcc-11eb-924d-9cd76263cbd0,species,fructicans,Medicago,,Hornem.,0,1809,,"Cat. Hort. Hafr. 24; ex Willd. Enum. Hort. Berol. 801.",,,,,,urn:lsid:ipni.org:names:506180-1,wfo-0000374176,8290524,,
34385162-8fcc-11eb-924d-9cd76263cbd0,species,gaditana,Medicago,,"Pérez Lara ex Willk.",0,1891,,"Oesterr. Bot. Z. 41: 85 (1891)",,Q101101564,,,,urn:lsid:ipni.org:names:506181-1,wfo-0000374177,3966557,,
25e5f31a-8fc4-11eb-924d-9cd76263cbd0,species,galilaea,Medicago,,Boiss.,0,1849,,"Diagn. Pl. Orient. 9: 10 (1849)",,,Q5804986,,,urn:lsid:ipni.org:names:506182-1,wfo-0000186622,2965387,,
bfc5fa16-8fc9-11eb-924d-9cd76263cbd0,species,gerardii,Medicago,,"Waldst. & Kit. ex Willd.",0,1802,,"Sp. Pl., ed. 4 , 3: 1415 (1802)",,,Q849308,,,urn:lsid:ipni.org:names:506183-1,wfo-0000214471,2965443,,
b8046818-8fcd-11eb-924d-9cd76263cbd0,variety,submitis,Medicago,gerardii,Boiss.,0,1872,,"Fl. Orient. 2: 101 1872",,,,,,,wfo-0001061903,7950694,,
0ec9d6f0-8fc5-11eb-924d-9cd76263cbd0,species,germana,Medicago,,Jord.,0,1854,,"Arch. Fl. France Allemagne 2: 315 (1854)",,,,,,urn:lsid:ipni.org:names:506184-1,wfo-0000191224,2965449,,
3437e5ba-8fcc-11eb-924d-9cd76263cbd0,species,glabella,Medicago,,C.Presl,0,1822,,"Delic. Prag. : 44 (1822)",,,,,,urn:lsid:ipni.org:names:506185-1,wfo-0000374173,3966548,,
3438a7d4-8fcc-11eb-924d-9cd76263cbd0,species,glabra,Medicago,,Aubl.,0,1775,,"Hist. Pl. Guiane : 778 (1775)",,,,,,urn:lsid:ipni.org:names:506186-1,wfo-0000374180,3966545,,
3438c3f4-8fcc-11eb-924d-9cd76263cbd0,species,gladiata,Medicago,,"(Steven ex M.Bieb.) E.H.L.Krause",0,1901,,"Deutschl. Fl. Abbild. , ed. 2, 9: 120 (1901)",,,,,,urn:lsid:ipni.org:names:506187-1,wfo-0000374181,3966542,,
347814f8-8fc4-11eb-924d-9cd76263cbd0,species,glandulosa,Medicago,,"(Mert. & W.D.J.Koch) Davidov",0,,,,,,,0abfd42e-8fc5-11eb-924d-9cd76263cbd0,,,wfo-0000186949,8122350,,
b7f7a722-8fcd-11eb-924d-9cd76263cbd0,species,glandulosa,Medicago,,"(W.D.J.Koch) Davidov",0,1902,,"Oesterr. Bot. Z. 52: 493 (1902)",,,,,,urn:lsid:ipni.org:names:506189-1,wfo-0001061792,2965363,,
0a51146c-8fc5-11eb-924d-9cd76263cbd0,species,globosa,Medicago,,C.Presl,0,1822,,"Delic. Prag. : 45 (1822)",,,,,,urn:lsid:ipni.org:names:506190-1,wfo-0000191131,2965413,,
343ab344-8fcc-11eb-924d-9cd76263cbd0,species,globulifera,Medicago,,"Desf. ex Poir.",0,1804,,"Encycl. , Suppl. 3: 526 (1814)",,,,,,urn:lsid:ipni.org:names:506191-1,wfo-0000374195,3966523,,
34388ce0-8fcc-11eb-924d-9cd76263cbd0,species,globulosa,Medicago,,Desv.,0,1814,,"J. Bot. Agric. 3: 77 (1814)",,,,,,urn:lsid:ipni.org:names:506192-1,wfo-0000374179,3966522,,
8981aaea-8fc9-11eb-924d-9cd76263cbd0,species,glomerata,Medicago,,Balb.,0,1801,,"Elenco : 93 (1801)",,,,,,urn:lsid:ipni.org:names:506194-1,wfo-0000213429,2965524,,
153e02d2-8fc4-11eb-924d-9cd76263cbd0,species,glutinosa,Medicago,,M.Bieb.,0,1798,,"Tabl. Prov. Mer Casp. : 117 (1798)",,,,,,urn:lsid:ipni.org:names:60461559-2,wfo-0000186248,2965371,,
08f0dfec-8fc7-11eb-924d-9cd76263cbd0,variety,denudata,Medicago,glutinosa,Grossh.,0,,,,,,,,,,wfo-0000200746,2965424,,
6d3469b0-1d4d-11ec-82c2-f14daa6f2d93,variety,glandulosa,Medicago,glutinosa,Micevski,,2001,,"Fl. Republ. Makedonija 1(5): 1417 (2001)",,,,,,urn:lsid:ipni.org:names:60426802-2,wfo-0001380439,,,
0b09ee92-8fc5-11eb-924d-9cd76263cbd0,subspecies,glomerata,Medicago,glutinosa,"(Balb.) Nyman",0,,,,,,,8981aaea-8fc9-11eb-924d-9cd76263cbd0,,,wfo-0000191147,2965526,,
23d760b0-1d48-11ec-82c2-f14daa6f2d93,subspecies,glutinosa,Medicago,glutinosa,M.Bieb.,,,,,,,,,,,wfo-0000186240,,,
0894298c-8fc7-11eb-924d-9cd76263cbd0,subspecies,papillosa,Medicago,glutinosa,"(Boiss.) Ponert",0,1972,,"Feddes Repert. 83: 639 (1972 publ. 1973)",,,Q5643138,0aeeaf34-8fc4-11eb-924d-9cd76263cbd0,,urn:lsid:ipni.org:names:885575-1,wfo-0000200738,2965468,,
09930bfa-8fc7-11eb-924d-9cd76263cbd0,subspecies,polychroa,Medicago,glutinosa,"(Grossh.) Sinskaya",0,,,,,,,96e1eea2-8fc4-11eb-924d-9cd76263cbd0,,,wfo-0000200758,2965522,,
597fcc98-1d4d-11ec-82c2-f14daa6f2d93,species,gordeievi,Medicago,,Komarov,,1921,,"Bot. Mater. Gerb. Glavn. Bot. Sada R.S.F.S.R. 2: 133. 1921",,,Q5732632,,,urn:lsid:ipni.org:names:506196-1,wfo-0001353149,,,
343baa92-8fcc-11eb-924d-9cd76263cbd0,species,gordeievii,Medicago,,Kom.,0,1921,,"Bot. Mater. Gerb. Glavn. Bot. Sada R.S.F.S.R. 2: 133 (1921)",,,Q5732632,,,urn:lsid:ipni.org:names:506197-1,wfo-0000374203,7908280,,
b66f9e52-8fc6-11eb-924d-9cd76263cbd0,species,gordejevi,Medicago,,Kom.,0,1921,,"Bot. Mater. Gerb. Glavn. Bot. Sada R.S.F.S.R. 2: 133 (1921)",,,Q5732632,,,urn:lsid:ipni.org:names:506197-1,wfo-0000199187,,,
343c0dc0-8fcc-11eb-924d-9cd76263cbd0,species,gracilis,Medicago,,Biv.,0,1838,,"Nuove Pianti : 10 (1838)",,,,,,urn:lsid:ipni.org:names:506198-1,wfo-0000374205,7564707,,
343c8b92-8fcc-11eb-924d-9cd76263cbd0,species,gracilis,Medicago,,"(DC.) E.H.L.Krause",0,1901,,"Deutschl. Fl. Abbild. , ed. 2, 9: 129 (1901)",,,,,,urn:lsid:ipni.org:names:506199-1,wfo-0000374209,3966493,,
343c2f3a-8fcc-11eb-924d-9cd76263cbd0,species,gracillima,Medicago,,"Tineo ex Urb",0,1873,,"Verh. Bot. Vereins Prov. Brandenburg 15: 74. 1873",,,,,,urn:lsid:ipni.org:names:506200-1,wfo-0000374206,3966489,,
343b8328-8fcc-11eb-924d-9cd76263cbd0,species,graeca,Medicago,,Hornem.,0,1815,,"Hort. Bot. Hafn. 2: 728 (1815)",,,,,,urn:lsid:ipni.org:names:506201-1,wfo-0000374202,3966484,,
898f1bb2-8fc9-11eb-924d-9cd76263cbd0,species,granadensis,Medicago,,Willd.,0,1809,,"Enum. Pl. : 803 (1809)",,,,,,urn:lsid:ipni.org:names:506202-1,wfo-0000213430,2965385,,
899c8c16-8fc9-11eb-924d-9cd76263cbd0,species,granatensis,Medicago,,Willd.,0,1809,,"Enum. Pl. : 803 (1809)",,,,,,urn:lsid:ipni.org:names:506202-1,wfo-0000213431,2965386,,
09c79104-8fc7-11eb-924d-9cd76263cbd0,species,grandiflora,Medicago,,"(Grossh.) Vassilcz.",0,1941,,"Vol. Sci. Works Leningrad 1941-43 : 101 (1946)",,,,240dcd02-8fcd-11eb-924d-9cd76263cbd0,,urn:lsid:ipni.org:names:506203-1,wfo-0000200762,2965350,,
08ae5456-8fc7-11eb-924d-9cd76263cbd0,species,grossheimii,Medicago,,Vassilcz.,0,,,,,,,,,,wfo-0000200740,2965511,,
08c923e4-8fc7-11eb-924d-9cd76263cbd0,species,gunibica,Medicago,,Vassilcz.,0,1949,,"Bot. Mater. Gerb. Bot. Inst. Komarova Akad. Nauk S.S.S.R. 11: 100 (1949)",,,Q5732625,,,urn:lsid:ipni.org:names:506205-1,wfo-0000200742,2965454,,
b828f8fe-8fcd-11eb-924d-9cd76263cbd0,species,halophila,Medicago,,"(Boiss.) E.Small",0,1987,,"Willdenowia 16: 433 (1987)",,,,b51bfd5a-8fcd-11eb-924d-9cd76263cbd0,,urn:lsid:ipni.org:names:943775-1,wfo-0001062217,3966471,,
343acf82-8fcc-11eb-924d-9cd76263cbd0,species,hamata,Medicago,,C.Presl,0,1822,,"Delic. Prag. : 45 (1822)",,,,,,urn:lsid:ipni.org:names:506206-1,wfo-0000374196,3966466,,
343c4e2a-8fcc-11eb-924d-9cd76263cbd0,species,hamosa,Medicago,,"(L.) Trautv.",0,1841,,"Bull. Sci. Acad. Imp. Sci. Saint-Pétersbourg 8: 271 1841",,,,,,506207-1,wfo-0000374207,3966462,,
efe10688-8fc3-11eb-924d-9cd76263cbd0,species,heldreichii,Medicago,,E.Small,0,1987,,"Willdenowia 16: 434 (1987)",,,,,,urn:lsid:ipni.org:names:940914-1,wfo-0000185454,2965374,,
0b6062c2-8fc5-11eb-924d-9cd76263cbd0,species,helix,Medicago,,Willd.,0,1802,,"Sp. Pl., ed. 4 , 3: 1409 (1802)",,,Q849308,,,urn:lsid:ipni.org:names:506208-1,wfo-0000191154,2965263,,
08d67684-8fc7-11eb-924d-9cd76263cbd0,species,hemicoerulea,Medicago,,Sinskaya,0,1938,,"Bot. Zhurn. S.S.S.R. 23: 327 (1938)",,,Q2504738,,,urn:lsid:ipni.org:names:506209-1,wfo-0000200743,2965319,,
1532185a-8fc4-11eb-924d-9cd76263cbd0,species,hemicycla,Medicago,,Grossh.,0,1925,,"Zap. Nauchno-Prikl. Otd. Tiflissk. Bot. Sada 4: 147 (1925)",,,,,,urn:lsid:ipni.org:names:506210-1,wfo-0000186247,2965337,,
343a7348-8fcc-11eb-924d-9cd76263cbd0,species,heterocarpa,Medicago,,"Spach ex Durieu",0,1849,,"Expl. Sci. Algérie : t. 89 (1849)",,,,,,urn:lsid:ipni.org:names:506211-1,wfo-0000374193,7710429,,
343a9490-8fcc-11eb-924d-9cd76263cbd0,species,heterocarpa,Medicago,,Urb.,0,1872,,"Index Seminum (B, Berolinensis) 1872(App.): 3 (1872)",,,,,,urn:lsid:ipni.org:names:506212-1,wfo-0000374194,7901849,,
343b5e16-8fcc-11eb-924d-9cd76263cbd0,species,heterocarpa,Medicago,,"Dürrnb. ex Murr",0,1897,,"Deutsche Bot. Monatsschr. 15: 199 (1897)",,,,,,urn:lsid:ipni.org:names:506213-1,wfo-0000374201,3966446,,
0b165bdc-8fc5-11eb-924d-9cd76263cbd0,species,heyniana,Medicago,,Greuter,0,1970,,"Candollea 25: 190 (1970)",,,,,,urn:lsid:ipni.org:names:506214-1,wfo-0000191148,2965271,,
0c62d97a-8fc5-11eb-924d-9cd76263cbd0,species,hirsuta,Medicago,,Schkuhr,0,1796,,"Bot. Handb. 2: 420 (1796)",,,,,,urn:lsid:ipni.org:names:506217-1,wfo-0000191177,2965582,,
343b05f6-8fcc-11eb-924d-9cd76263cbd0,species,hirsutissima,Medicago,,"Cirillo ex Steud.",0,1841,,"Nomencl. Bot. , ed. 2, 2: 109 (1841)",,,,,,urn:lsid:ipni.org:names:506219-1,wfo-0000374198,3966437,,
343b209a-8fcc-11eb-924d-9cd76263cbd0,species,hispanica,Medicago,,"(Mill.) Steud.",0,1841,,"Nomencl. Bot. , ed. 2, 2: 109 (1841)",,,,,,urn:lsid:ipni.org:names:506220-1,wfo-0000374199,3966433,,
8b30d366-8fc9-11eb-924d-9cd76263cbd0,species,hispida,Medicago,,Gaertn.,0,1791,,"Fruct. Sem. Pl. 2: 349 (1791)",,,,,,urn:lsid:ipni.org:names:506221-1,wfo-0000213463,2965540,,
b7d3a3ea-8fcd-11eb-924d-9cd76263cbd0,variety,apiculata,Medicago,hispida,"(Willd.) Urb.",0,1896,,"Index Seminum (B, Berolinensis) 1873(Suppl. 3): 2 (1873)",,,,bf72f514-8fc9-11eb-924d-9cd76263cbd0,,urn:lsid:ipni.org:names:58636-3,wfo-0001061469,3911959,,
6d2c93c0-1d4d-11ec-82c2-f14daa6f2d93,variety,confinis,Medicago,hispida,"(Koch) Burnat",,1896,,"Fl. Alpes Marit. 2: 106 (1896)",,,,,,urn:lsid:ipni.org:names:58675-3,wfo-0001380392,,,
dc222bea-8fc8-11eb-924d-9cd76263cbd0,variety,confinus,Medicago,hispida,"(W.D.J.Koch) Burnat",0,,,,,,,,,,wfo-0000210133,2965546,,
5e548880-1d4d-11ec-82c2-f14daa6f2d93,subspecies,denticulata,Medicago,hispida,"(Willd.) Piper & Beattie",,1915,,"Fl. N.W. Coast : 222 (1915)",,,,,,urn:lsid:ipni.org:names:60428534-2,wfo-0001360062,,,
b7d2c25e-8fcd-11eb-924d-9cd76263cbd0,variety,denticulata,Medicago,hispida,"(Willd.) Asch. & Graebn.",0,1907,,"Syn. Mitteleur. Fl. 6(2): 430 1907",,,,,,,wfo-0001061461,8240775,,
b9234a9e-8fd1-11eb-924d-9cd76263cbd0,variety,denticulata,Medicago,hispida,"(Willd.) Urb.",0,1896,,"Verhandlungen des Botanischen Vereins der  Provinz Brandenburg 15  1873",,,,,,,wfo-0001241343,7449888,,
6d2d2e5c-1d4d-11ec-82c2-f14daa6f2d93,variety,inermis,Medicago,hispida,Urb.,,1873,,"Index Seminum (B, Berolinensis) 1873(Suppl. 3): 2 (1873)",,,,,,urn:lsid:ipni.org:names:58757-3,wfo-0001380396,,,
7b0f87a4-1d4d-11ec-82c2-f14daa6f2d93,variety,lappacea,Medicago,hispida,"(Benth.) J.M.Black",,1918,,"Transactions and Proceedings of the Royal Society of South Australia 42  1918",,,,,,urn:lsid:ipni.org:names:58799-3,wfo-0001398471,,,
c402104e-8fd1-11eb-924d-9cd76263cbd0,variety,microcarpa,Medicago,hispida,Urb.,0,,,,,,,,,,wfo-0001261474,7968504,,
0985a032-8fc7-11eb-924d-9cd76263cbd0,variety,nigra,Medicago,hispida,L.,0,,,,,,,,,,wfo-0000200757,2965552,,
34395de6-8fcc-11eb-924d-9cd76263cbd0,species,hornemanniana,Medicago,,"Ser. ex DC.",0,1825,,"Prodr. [A. P. de Candolle] 2: 177. 1825 [mid Nov 1825]",,,Q2712448,,,urn:lsid:ipni.org:names:506222-1,wfo-0000374184,8365794,,
3441d160-8fcc-11eb-924d-9cd76263cbd0,species,huberi,Medicago,,E.Small,0,1987,,"Willdenowia 16: 434 (1987)",,,,,,urn:lsid:ipni.org:names:940915-1,wfo-0000374248,3966424,,
9f66e730-8fc9-11eb-924d-9cd76263cbd0,species,hybrida,Medicago,,"(Pourr.) Trautv.",0,1841,,"Bull. Sci. Acad. Imp. Sci. Saint-Pétersbourg 8: 271 (1841)",,,,25f20a7e-8fc4-11eb-924d-9cd76263cbd0,,urn:lsid:ipni.org:names:506223-1,wfo-0000213853,2965316,,
89aa59b8-8fc9-11eb-924d-9cd76263cbd0,species,hypogaea,Medicago,,E.Small,0,1984,,"Taxon 33: 633 (1984)",,,,,,urn:lsid:ipni.org:names:961614-1,wfo-0000213432,2965508,,
3446ab2c-8fcc-11eb-924d-9cd76263cbd0,species,hystrix,Medicago,,Ten.,0,1811,,"Fl. Napol. 1(Prodr.): XLV (1812)",,,,,,urn:lsid:ipni.org:names:506226-1,wfo-0000374277,3966403,,
3446c8dc-8fcc-11eb-924d-9cd76263cbd0,species,ignatzii,Medicago,,"K.A.Lesins & I.Lesins",0,1979,,"Gen. Medicago 131 1979",,,,,,506227-1,wfo-0000374278,3966400,,
0940555e-8fc7-11eb-924d-9cd76263cbd0,species,inconspicua,Medicago,,Nevski,0,1937,,"Trudy Bot. Inst. Akad. Nauk S.S.S.R., Ser. 1, Fl. Sist. Vyssh. Rast. 4: 250 (1937)",,,,,,urn:lsid:ipni.org:names:506228-1,wfo-0000200752,2965310,,
34466f68-8fcc-11eb-924d-9cd76263cbd0,species,inermis,Medicago,,"Lam. ex Steud.",0,1821,,"Nomencl. Bot. 1: 513 (1821)",,,,,,urn:lsid:ipni.org:names:506230-1,wfo-0000374275,3966390,,
3446e3d0-8fcc-11eb-924d-9cd76263cbd0,species,inermis,Medicago,,"(Tineo) Urb.",0,1872,,"Index Seminum (B, Berolinensis) 1872(App.): 2 (1872)",,,,,,urn:lsid:ipni.org:names:506229-1,wfo-0000374279,7391051,,
3446ffc8-8fcc-11eb-924d-9cd76263cbd0,species,intermedia,Medicago,,Ser.,0,1825,,"Prodr. [A. P. de Candolle] 2: 174. 1825 [mid Nov 1825]",,,Q2712448,,,urn:lsid:ipni.org:names:506231-1,wfo-0000374280,7699713,,
34471ab2-8fcc-11eb-924d-9cd76263cbd0,species,intermedia,Medicago,,Schult.,0,1809,,"Observ. Bot. : 160 (1809)",,,,,,urn:lsid:ipni.org:names:506232-1,wfo-0000374281,8231926,,
34473862-8fcc-11eb-924d-9cd76263cbd0,species,intermedia,Medicago,,"DC. ex G.Don",0,1832,,"Gen. Hist. 2: 169 (1832)",,,,,,urn:lsid:ipni.org:names:506233-1,wfo-0000374282,3966380,,
89d5fb86-8fc9-11eb-924d-9cd76263cbd0,species,intertexta,Medicago,,"(L.) Mill.",0,1768,,"Gard. Dict. ed. 8 : n.º 4 (1768)",,,,0b47a958-8fc5-11eb-924d-9cd76263cbd0,,urn:lsid:ipni.org:names:506235-1,wfo-0000213437,2965405,,
0b2efc96-8fc5-11eb-924d-9cd76263cbd0,variety,ciliaris,Medicago,intertexta,"(L.) Heyn",0,1963,,"Scripta Hierosolymitana 12: 129 (1963)",,,,,,urn:lsid:ipni.org:names:58877-3,wfo-0000191150,6309398,,
23f6e802-8fc4-11eb-924d-9cd76263cbd0,subspecies,ciliaris,Medicago,intertexta,"(L.) Ponert",0,1972,,"Feddes Repert. 83: 640 (1972 publ. 1973)",,,Q5643138,,,urn:lsid:ipni.org:names:885576-1,wfo-0000186580,2965409,,
23d71132-1d48-11ec-82c2-f14daa6f2d93,subspecies,intertexta,Medicago,intertexta,"(L.) Mill.",,,,,,,,,,,wfo-0000186238,,,
23d738ec-1d48-11ec-82c2-f14daa6f2d93,variety,intertexta,Medicago,intertexta,"(L.) Mill.",,,,Unknown,,,,,,urn:lsid:ipni.org:names:77190441-1,wfo-0000186239,,,
b829133e-8fcd-11eb-924d-9cd76263cbd0,species,isthmocarpa,Medicago,,"(Boiss. & Balansa) E.Small",0,1987,,"Willdenowia 16: 433 (1987)",,,,b51c5214-8fcd-11eb-924d-9cd76263cbd0,,urn:lsid:ipni.org:names:943776-1,wfo-0001062218,3966363,,
89e4c09e-8fc9-11eb-924d-9cd76263cbd0,species,italica,Medicago,,"(Mill.) Grande",0,1916,,"Bull. Orto Bot. Regia Univ. Napoli 5: 230 (1916)",,,,,,urn:lsid:ipni.org:names:77069484-1,wfo-0000213438,2965258,,
8a004936-8fc9-11eb-924d-9cd76263cbd0,subspecies,corrugata,Medicago,italica,"(Durieu) Negre",0,,,,,,,34415410-8fcc-11eb-924d-9cd76263cbd0,,,wfo-0000213440,2965259,,
8a0dd3f8-8fc9-11eb-924d-9cd76263cbd0,subspecies,helix,Medicago,italica,"(Willd.) Emb. & Maire",0,,,,,,,0b6062c2-8fc5-11eb-924d-9cd76263cbd0,,,wfo-0000213441,2965262,,
38ec005a-1d48-11ec-82c2-f14daa6f2d93,subspecies,italica,Medicago,italica,"(Mill.) Fiori",,,,,,,,,,,wfo-0000213439,,,
8a1b52da-8fc9-11eb-924d-9cd76263cbd0,subspecies,maroccana,Medicago,italica,Negre,0,,,,,,,,,,wfo-0000213442,2965261,,
0bc3012a-8fc5-11eb-924d-9cd76263cbd0,subspecies,striata,Medicago,italica,"(Bastard) Greuter & Burdet",0,1989,,"Willdenowia 19: 32 (1989)",,,,bf125db2-8fc9-11eb-924d-9cd76263cbd0,,urn:lsid:ipni.org:names:955500-1,wfo-0000191162,2965253,,
8a366110-8fc9-11eb-924d-9cd76263cbd0,subspecies,tornata,Medicago,italica,"(L.) Emb. & Maire",0,,,,,,,0b9df59c-8fc5-11eb-924d-9cd76263cbd0,,,wfo-0000213444,2965268,,
344651c2-8fcc-11eb-924d-9cd76263cbd0,species,jemenensis,Medicago,,Sinskaya,0,1950,,"Fl. Cult. Pl. 13(1): 55 (1950)",,,,,,urn:lsid:ipni.org:names:506239-1,wfo-0000374274,3966338,,
b711b974-8fcd-11eb-924d-9cd76263cbd0,species,juliae,Medicago,,"Sennen & Mauricio",0,1931,,"Bull. Soc. Bot. France 78: 186 (1931)",,Q55757246,Q5735483,,,urn:lsid:ipni.org:names:506240-1,wfo-0001059744,3966335,,
3445fec0-8fcc-11eb-924d-9cd76263cbd0,species,justischmidtii,Medicago,,E.H.L.Krause,0,1901,,"Deutschl. Fl. Abbild. , ed. 2, 9: 121 (1901)",,,,,,urn:lsid:ipni.org:names:506241-1,wfo-0000374272,3966332,,
08e39bc0-8fc7-11eb-924d-9cd76263cbd0,species,karatschaica,Medicago,,Latsch.,0,1959,,"Zametki Sist. Geogr. Rast. 21: 29 (1959)",,,,,,urn:lsid:ipni.org:names:506242-1,wfo-0000200745,2965422,,
0918ad38-8fc7-11eb-924d-9cd76263cbd0,species,komarovii,Medicago,,Vassilcz.,0,1941,,"Vol. Sci. Works Leningrad 1941-43 : 101 (1946)",,,,,,urn:lsid:ipni.org:names:506243-1,wfo-0000200749,2965298,,
0a9b0c1e-8fc7-11eb-924d-9cd76263cbd0,species,kopetdaghi,Medicago,,Vassilcz.,0,1941,,"Vol. Sci. Works Leningrad 1941-43 : 101 (1946)",,,,,,urn:lsid:ipni.org:names:506244-1,wfo-0000200779,2965323,,
1088410a-8fc7-11eb-924d-9cd76263cbd0,species,korshinskyi,Medicago,,"(Grossh.) Kamelin & Gubanov",0,1992,,"Byull. Moskovsk. Obshch. Isp. Prir., Otd. Biol. 97(5): 63 (1992)",,,,,,urn:lsid:ipni.org:names:971024-1,wfo-0000200895,2965246,,
09ad8034-8fc7-11eb-924d-9cd76263cbd0,species,kotovii,Medicago,,Wissjul.,0,1954,,"Fl. RSS Ucr. 6: 367 (1954)",,,,,,urn:lsid:ipni.org:names:506245-1,wfo-0000200760,2965373,,
3447a9d2-8fcc-11eb-924d-9cd76263cbd0,species,kultiassovii,Medicago,,Vassilcz.,0,1949,,"Trudy Bot. Inst. Akad. Nauk S.S.S.R., Ser. 1, Fl. Sist. Vyssh. Rast. 8: 53 (1949)",,,,,,urn:lsid:ipni.org:names:506246-1,wfo-0000374286,3966316,,
8a5f01e2-8fc9-11eb-924d-9cd76263cbd0,species,laciniata,Medicago,,"(L.) Mill.",0,1768,,"Gard. Dict. ed. 8 : n.º 5 (1768)",,,,,,urn:lsid:ipni.org:names:506247-1,wfo-0000213448,2965221,,
91207d0a-8fc7-11eb-924d-9cd76263cbd0,variety,brachycantha,Medicago,laciniata,Boiss.,0,,,,,,,,,,wfo-0000203331,2965223,,
6fa43004-1d4d-11ec-82c2-f14daa6f2d93,variety,diffusa,Medicago,laciniata,"(Poir.) F.M.Vázquez",,2009,,"Folia Bot. Extremadur. 4: 66 (2009)",,,,,,urn:lsid:ipni.org:names:77103762-1,wfo-0001383638,,,
39738dcc-1d48-11ec-82c2-f14daa6f2d93,subspecies,laciniata,Medicago,laciniata,"(L.) Mill.",,,,,,,,,,,wfo-0000214150,,,
09d49c3c-8fc7-11eb-924d-9cd76263cbd0,species,ladak,Medicago,,Vassilcz.,0,1946,,"Bot. Zhurn. S.S.S.R. 31(3): 27 (1946)",,,Q2504738,,,urn:lsid:ipni.org:names:506248-1,wfo-0000200763,2965341,,
3448d38e-8fcc-11eb-924d-9cd76263cbd0,species,laevis,Medicago,,Desf.,0,1799,,"Fl. Atlant. 2: 213 (1799)",,,,,,urn:lsid:ipni.org:names:506249-1,wfo-0000374293,3966308,,
3448fac6-8fcc-11eb-924d-9cd76263cbd0,species,langeana,Medicago,,Tod.,0,1867,,"Index Seminum (PAL, Panormitani) 1867: 31 (1867)",,,,,,urn:lsid:ipni.org:names:506250-1,wfo-0000374294,3966304,,
0925cd38-8fc7-11eb-924d-9cd76263cbd0,species,lanigera,Medicago,,"C.Winkl. & B.Fedtsch.",0,1905,,"Izv. Imp. S.-Peterburgsk. Bot. Sada 5: 41 (1905)",,,,,,urn:lsid:ipni.org:names:506251-1,wfo-0000200750,2965231,,
bf49af7e-8fc9-11eb-924d-9cd76263cbd0,species,lappacea,Medicago,,Desr.,0,1792,,"Encycl. 3: 637 (1792)",,,,,,urn:lsid:ipni.org:names:506252-1,wfo-0000214462,2965553,,
0a594374-8fc7-11eb-924d-9cd76263cbd0,species,lavrenkoi,Medicago,,Vassilcz.,0,1950,,"Bot. Mater. Gerb. Bot. Inst. Komarova Akad. Nauk S.S.S.R. 13: 141 (1950)",,,Q5732625,,,urn:lsid:ipni.org:names:506253-1,wfo-0000200774,2965334,,
344919c0-8fcc-11eb-924d-9cd76263cbd0,species,laxiflora,Medicago,,Schur,0,1877,,"Verh. Naturf. Vereins Brünn 15(2): 172 (1877)",,,,,,urn:lsid:ipni.org:names:506254-1,wfo-0000374295,3966291,,
96b052d4-8fc4-11eb-924d-9cd76263cbd0,species,laxispira,Medicago,,Heyn,0,1984,,"Fl. Iranica 157: 266 (1984)",,,,,,urn:lsid:ipni.org:names:1012154-1,wfo-0000188802,2965515,,
0bde0812-8fc0-11eb-924d-9cd76263cbd0,species,leiocarpa,Medicago,,Benth.,0,1826,,"Cat. Pl. Pyrénées : 100 (1826)",,,,,,urn:lsid:ipni.org:names:506255-1,wfo-0000163690,2965418,,
34487e5c-8fcc-11eb-924d-9cd76263cbd0,species,lenticularis,Medicago,,Desr.,0,1792,,"Encycl. 3: 630 (1792)",,,,,,urn:lsid:ipni.org:names:506256-1,wfo-0000374291,3966280,,
344953e0-8fcc-11eb-924d-9cd76263cbd0,species,lenticulata,Medicago,,"Pourr. ex Benth.",0,1826,,"Cat. Pl. Pyrénées : 100 (1826)",,,,,,urn:lsid:ipni.org:names:506257-1,wfo-0000374297,3966278,,
34498a54-8fcc-11eb-924d-9cd76263cbd0,species,leonis,Medicago,,"Sennen & Mauricio",0,1933,,"Cat. Fl. Rif Orient. : 146 (1933)",,,,,,urn:lsid:ipni.org:names:506258-1,wfo-0000374299,3966275,,
260a35f4-8fc4-11eb-924d-9cd76263cbd0,species,lesinsii,Medicago,,E.Small,,1985,,"Canad. J. Bot. 63: 733 (1985)",,,,,,urn:lsid:ipni.org:names:906609-1,wfo-0000186625,2965213,,
3449a8d6-8fcc-11eb-924d-9cd76263cbd0,species,lessingii,Medicago,,"Fisch. & C.A.Mey. ex Kar.",0,1839,,"Bull. Soc. Imp. Naturalistes Moscou 12: 150 (1839)",,,,,,urn:lsid:ipni.org:names:506259-1,wfo-0000374300,3966270,,
ab844c34-8fcd-11eb-924d-9cd76263cbd0,species,liaosiensis,Medicago,,"(P.Y.Fu & Y.A.Chen) X.Y.Zhu & Y.F.Du",0,2007,,"Legumes China : 603 (2007)",,,,bedbc8d0-8fd1-11eb-924d-9cd76263cbd0,,urn:lsid:ipni.org:names:77092770-1,wfo-0001033716,3911909,,
3449c334-8fcc-11eb-924d-9cd76263cbd0,species,libyca,Medicago,,Spreng.,0,1826,,"Syst. Veg. 3: 289 (1826)",,,Q58829765,,,urn:lsid:ipni.org:names:506260-1,wfo-0000374301,3966265,,
344804f4-8fcc-11eb-924d-9cd76263cbd0,species,lilacea,Medicago,,Hy,0,1895,,"J. Bot. (Morot) 9: 432 (1895)",,,Q5946687,,,urn:lsid:ipni.org:names:506261-1,wfo-0000374289,3966262,,
344938e2-8fcc-11eb-924d-9cd76263cbd0,species,lineata,Medicago,,Tausch,0,1831,,"Flora 14: 210 (1831)",,,Q5862699,,,urn:lsid:ipni.org:names:506262-1,wfo-0000374296,3976773,,
8aa2af46-8fc9-11eb-924d-9cd76263cbd0,species,litoralis,Medicago,,Loisel.,0,,,,,,,,,,wfo-0000213453,,,
8a79d9ea-8fc9-11eb-924d-9cd76263cbd0,species,littoralis,Medicago,,"Rohde ex Loisel.",0,1810,,"Not. Fl. France : 119 (1810)",,,,,,urn:lsid:ipni.org:names:506264-1,wfo-0000213450,2965485,,
b5298434-8fcd-11eb-924d-9cd76263cbd0,species,littoralis,Medicago,,"Rhode ex Hornem.",0,1819,,"Hort. Bot. Hafn. Suppl. 85. 1819",,,,,,urn:lsid:ipni.org:names:506263-1,wfo-0001055350,8210978,,
0bf41f30-8fc5-11eb-924d-9cd76263cbd0,subspecies,cylindracea,Medicago,littoralis,"(DC.) Nyman",0,,,,,,,,,,wfo-0000191166,2965489,,
8a874620-8fc9-11eb-924d-9cd76263cbd0,subspecies,tricycla,Medicago,littoralis,"(DC.) Lainz",0,,,,,,,0c0c4d6c-8fc5-11eb-924d-9cd76263cbd0,,,wfo-0000213451,2965487,,
0e6e0b90-8fc5-11eb-924d-9cd76263cbd0,species,loretii,Medicago,,Albert,0,1893,,"Bull. Herb. Boissier 1: 13 (1893)",,,Q2378336,,,urn:lsid:ipni.org:names:506265-1,wfo-0000191216,2965555,,
34478e34-8fcc-11eb-924d-9cd76263cbd0,species,lunata,Medicago,,Rchb.,0,1832,,"Fl. Germ. Excurs. 2: 501 (1832)",,,,,,urn:lsid:ipni.org:names:506266-1,wfo-0000374285,7727690,,
b07d0fc4-8fd1-11eb-924d-9cd76263cbd0,species,lupina,Medicago,,L.,0,,,,,,,,,,wfo-0001225439,8342918,,
8ab02946-8fc9-11eb-924d-9cd76263cbd0,species,lupulina,Medicago,,L.,0,1753,,"Sp. Pl. : 779 (1753)",,,Q849308,,,urn:lsid:ipni.org:names:506268-1,wfo-0000213454,2965201,,
0c25a47e-8fc5-11eb-924d-9cd76263cbd0,subspecies,cupaniana,Medicago,lupulina,"(Guss.) Nyman",0,,,,,,,,,,wfo-0000191172,2965203,,
7c56ff16-1d4d-11ec-82c2-f14daa6f2d93,variety,eriocarpa,Medicago,lupulina,"(Rouy) P.D.Sell",,2009,,"Fl. Gr. Brit. Ireland 3: 517. 2009",,,,,,urn:lsid:ipni.org:names:77098236-1,wfo-0001400097,,,
0c31d424-8fc5-11eb-924d-9cd76263cbd0,subspecies,eurasiatica,Medicago,lupulina,Braun-Blanq.,0,,,,,,,,,,wfo-0000191173,2965204,,
d7781c12-8fc8-11eb-924d-9cd76263cbd0,variety,glandulosa,Medicago,lupulina,W.D.J.Koch,0,,,,,,,,,,wfo-0000210026,2965206,,
a251a442-1d4c-11ec-82c2-f14daa6f2d93,variety,lupulina,Medicago,lupulina,,,,,,,,,,,,wfo-0001061201,,,
344772d2-8fcc-11eb-924d-9cd76263cbd0,species,macrocarpa,Medicago,,Urb.,0,1873,,"Verh. Bot. Vereins Prov. Brandenburg 15: 56. 1873",,,,,,urn:lsid:ipni.org:names:506271-1,wfo-0000374284,3966232,,
3447e398-8fcc-11eb-924d-9cd76263cbd0,species,macrocarpa,Medicago,,Moris,0,1837,,"Fl. Sardoa 1: 446 (1837)",,,,,,urn:lsid:ipni.org:names:506270-1,wfo-0000374288,7781428,,
3448270e-8fcc-11eb-924d-9cd76263cbd0,species,macrocarpa,Medicago,,Boiss.,0,1872,,"Fl. Orient. 2: 96 (1872)",,,,,,urn:lsid:ipni.org:names:506269-1,wfo-0000374290,8287936,,
88f8aac4-8fc9-11eb-924d-9cd76263cbd0,species,maculata,Medicago,,Willd.,0,,,,,,,,,,wfo-0000213418,2965528,,
b5299f78-8fcd-11eb-924d-9cd76263cbd0,species,maculata,Medicago,,"Hook. & Arn.",0,1841,,"Bot. Beechey Voy. 330. 1838 [Dec 1838]",,,,,,urn:lsid:ipni.org:names:506272-1,wfo-0001055351,8356855,,
bee80558-8fc9-11eb-924d-9cd76263cbd0,species,maculata,Medicago,,Sibth.,0,,,,,,,,,,wfo-0000214455,7802708,,
ee13dd4a-8fc7-11eb-924d-9cd76263cbd0,species,makranica,Medicago,,Heyn,0,1984,,"Fl. Iranica 157: 259 (1984)",,,,,,urn:lsid:ipni.org:names:1012153-1,wfo-0000205205,2971566,,
95858da2-8fc4-11eb-924d-9cd76263cbd0,species,marginata,Medicago,,Willd.,0,1809,,"Enum. Pl. Hort. Berol. : 802 (1809)",,,,,,urn:lsid:ipni.org:names:506274-1,wfo-0000188777,2965302,,
8acae466-8fc9-11eb-924d-9cd76263cbd0,species,marina,Medicago,,L.,0,1753,,"Sp. Pl. : 779 (1753)",,,Q849308,,,urn:lsid:ipni.org:names:506275-1,wfo-0000213456,2965395,,
3445b8c0-8fcc-11eb-924d-9cd76263cbd0,species,maritima,Medicago,,"Pall. ex Georgi",0,1800,,"Beschr. Nation. Russ. Reich 3(4): 1197 (1800)",,,,,,urn:lsid:ipni.org:names:506277-1,wfo-0000374271,3966214,,
1f61539a-8fc4-11eb-924d-9cd76263cbd0,species,media,Medicago,,Pers.,0,1807,,"Syn. Pl. 2: 356 (1807)",,,,,,urn:lsid:ipni.org:names:506278-1,wfo-0000186482,2965336,,
efbcf2f2-8fc3-11eb-924d-9cd76263cbd0,species,medicaginoides,Medicago,,"(Retz.) E.Small",0,1987,,"Willdenowia 16: 434 (1987)",,,,0c4a34b0-8fc5-11eb-924d-9cd76263cbd0,,urn:lsid:ipni.org:names:943784-1,wfo-0000185451,2965272,,
09e1fcf6-8fc7-11eb-924d-9cd76263cbd0,species,mesopotamica,Medicago,,Vassilcz.,0,1946,,"Bot. Zhurn. S.S.S.R. 31(3): 27 (1946)",,,Q2504738,,,urn:lsid:ipni.org:names:506279-1,wfo-0000200764,2965339,,
344295c8-8fcc-11eb-924d-9cd76263cbd0,species,mexicana,Medicago,,Sweet,0,1830,,"Hort. Brit. , ed. 2: 138 (1830)",,,,,,urn:lsid:ipni.org:names:506280-1,wfo-0000374252,3966206,,
09331a24-8fc7-11eb-924d-9cd76263cbd0,species,meyeri,Medicago,,Gruner,0,1867,,"Bull. Soc. Imp. Naturalistes Moscou 40(II): 416 (1867)",,,,,,urn:lsid:ipni.org:names:506281-1,wfo-0000200751,2965309,,
34439d1a-8fcc-11eb-924d-9cd76263cbd0,species,microcarpa,Medicago,,Urb.,0,1873,,"Verh. Bot. Vereins Prov. Brandenburg 15: 57. 1873",,,,,,urn:lsid:ipni.org:names:506284-1,wfo-0000374259,3966193,,
3442ea96-8fcc-11eb-924d-9cd76263cbd0,species,microdon,Medicago,,Ehrenb.,0,1827,,"Index Seminum (B, Berolinensis) 1827: ? (1827)",,,,,,urn:lsid:ipni.org:names:506285-1,wfo-0000374255,3966190,,
9579303e-8fc4-11eb-924d-9cd76263cbd0,species,minima,Medicago,,"(L.) Bartal.",0,,,,,,,,,,wfo-0000188776,8073758,,
ec22aba0-8fc3-11eb-924d-9cd76263cbd0,species,minima,Medicago,,"(L.) L.",0,,,,,,,,,,wfo-0000185370,2965572,,
094d6ae6-8fc7-11eb-924d-9cd76263cbd0,variety,brachyodon,Medicago,minima,Rchb.,0,1832,,"Fl. Germ. Excurs. 2: 502 (1832)",,,,,,urn:lsid:ipni.org:names:59215-3,wfo-0000200753,7566350,,
8ad87fea-8fc9-11eb-924d-9cd76263cbd0,subspecies,brevispina,Medicago,minima,"(Benth.) Ponert",0,1972,,"Feddes Repert. 83: 639 (1972 publ. 1973)",,,Q5643138,,,urn:lsid:ipni.org:names:885578-1,wfo-0000213457,6372442,,
b83f0130-8fcd-11eb-924d-9cd76263cbd0,variety,brevispina,Medicago,minima,Benth.,,1831,,"Engl. Bot. , Suppl.: t. 2635 (1831)",,,,,,urn:lsid:ipni.org:names:59250-3,wfo-0001062411,6372442,,
dc137f64-8fc8-11eb-924d-9cd76263cbd0,variety,compacta,Medicago,minima,Neyraut,0,,,,,,,,,,wfo-0000210132,2965575,,
d785a2c4-8fc8-11eb-924d-9cd76263cbd0,variety,longiseta,Medicago,minima,DC.,0,,,,,,,,,,wfo-0000210027,2965583,,
257d3b4c-1d48-11ec-82c2-f14daa6f2d93,variety,minima,Medicago,minima,"(L.) Bartal.",,,,,,,,,,,wfo-0000188223,,,
682f2c2a-1d4d-11ec-82c2-f14daa6f2d93,variety,mitis,Medicago,minima,Phil.,,1872,,"Anales Univ. Chile 41: 682 (1872)",,,,,,urn:lsid:ipni.org:names:155745-2,wfo-0001373828,,,
0c6f1000-8fc5-11eb-924d-9cd76263cbd0,subspecies,ononidea,Medicago,minima,Rouy,0,,,,,,,,,,wfo-0000191178,2965581,,
45544898-1d4d-11ec-82c2-f14daa6f2d93,form,pulchella,Medicago,minima,"(Lowe) Kožuharov",,1976,,"Fl. Narodna Republ. Bulg. 6: 317. 1976",,,,,,urn:lsid:ipni.org:names:885579-1,wfo-0001326094,,,
b83fd894-8fcd-11eb-924d-9cd76263cbd0,variety,pulchella,Medicago,minima,"(Lowe) Lowe",0,1925,,"Man. Fl. Madeira 1: 166 (1862)",,,,,,urn:lsid:ipni.org:names:60426811-2,wfo-0001062419,8383845,,
b83ee5e2-8fcd-11eb-924d-9cd76263cbd0,variety,recta,Medicago,minima,Burnat,0,1896,,"Flor. Alp. Marit. 2: 109 1896",,,,,,,wfo-0001062410,7403947,,
729b4766-1d4d-11ec-82c2-f14daa6f2d93,variety,winterlii,Medicago,minima,Priszter,,1972,,"Bot. Közlem. 59: 45 (1972)",,,,,,urn:lsid:ipni.org:names:885580-1,wfo-0001387265,,,
344340d6-8fcc-11eb-924d-9cd76263cbd0,species,mirandana,Medicago,,"Sennen & Elías",0,1927,,"Bol. Soc. Ibér. Ci. Nat. 26: 89 (1927)",,,,,,urn:lsid:ipni.org:names:506287-1,wfo-0000374257,3966160,,
34425fcc-8fcc-11eb-924d-9cd76263cbd0,species,mitis,Medicago,,"Willd. ex Urb.",0,1872,,"Index Seminum (B, Berolinensis) 1872(App.): 4 (1872)",,,,,,urn:lsid:ipni.org:names:506289-1,wfo-0000374250,8669034,,
34437dda-8fcc-11eb-924d-9cd76263cbd0,species,mitis,Medicago,,"Delile ex Nyman",0,1878,,"Consp. Fl. Eur. 1: 168. 1878 [Sep 1878]",,,Q5784347,,,urn:lsid:ipni.org:names:506288-1,wfo-0000374258,7873013,,
34430e40-8fcc-11eb-924d-9cd76263cbd0,species,mixta,Medicago,,Sennholz,0,1888,,"Verh. K. K. Zool.-Bot. Ges. Wien 38: 32 (1888)",,,,,,urn:lsid:ipni.org:names:506290-1,wfo-0000374256,3966153,,
3442cd54-8fcc-11eb-924d-9cd76263cbd0,species,mniocarpa,Medicago,,"Wallr. ex Ser.",0,1825,,"Prodr. 2: 172 (1825)",,,Q2712448,,,urn:lsid:ipni.org:names:506291-1,wfo-0000374254,3966148,,
0c7b514e-8fc5-11eb-924d-9cd76263cbd0,species,mollissima,Medicago,,Roth,0,1806,,"Catal. Bot. 3: 74 (1806)",,,,,,urn:lsid:ipni.org:names:506292-1,wfo-0000191179,2965576,,
912e6442-8fc7-11eb-924d-9cd76263cbd0,species,monantha,Medicago,,Blatt.,0,1933,,"J. Bombay Nat. Hist. Soc. 36: 969 (1933)",,,,,,urn:lsid:ipni.org:names:506294-1,wfo-0000203332,7865897,,
ef696664-8fc3-11eb-924d-9cd76263cbd0,species,monantha,Medicago,,"(C.A.Mey.) Trautv.",0,1840,,"Index Seminum (KIEV, Kioviensi) 1840: vi (1841)",,,,70137e1c-8fc9-11eb-924d-9cd76263cbd0,,urn:lsid:ipni.org:names:60456796-2,wfo-0000185444,2965226,,
5f06bfd2-1d4d-11ec-82c2-f14daa6f2d93,subspecies,incisa,Medicago,monantha,"(Royle ex Benth.) Verloove & Lambinon",,2006,,"Syst. Geogr. Pl. 76: 220 (2006)",,,,,,urn:lsid:ipni.org:names:77077718-1,wfo-0001360966,,,
62ebb102-1d4d-11ec-82c2-f14daa6f2d93,subspecies,noeana,Medicago,monantha,"(Boiss.) Greuter & Burdet",,1989,,"Willdenowia 19: 32 (1989)",,,,,,urn:lsid:ipni.org:names:955501-1,wfo-0001366052,,,
2487f540-8fc4-11eb-924d-9cd76263cbd0,species,monspeliaca,Medicago,,"(L.) Trautv.",0,1841,,"Bull. Sci. Acad. Imp. Sci. Saint-Pétersbourg 8: 272 (1841)",,,,,,urn:lsid:ipni.org:names:506295-1,wfo-0000186593,2965434,,
0ee50ace-8fc5-11eb-924d-9cd76263cbd0,species,morisiana,Medicago,,Jord.,0,1852,,"Mém. Acad. Sci. Lyon, Sect. Sci. 1: 53 (1852)",,,,,,urn:lsid:ipni.org:names:506296-1,wfo-0000191226,2965442,,
b529f1da-8fcd-11eb-924d-9cd76263cbd0,species,munnularia,Medicago,,Steven,0,1816,,"Cat. hort. Cremeneci 85 1816",,,,,,,wfo-0001055354,7724915,,
8ae6f458-8fc9-11eb-924d-9cd76263cbd0,species,murex,Medicago,,Willd.,0,1802,,"Sp. Pl., ed. 4 , 3: 1410 (1802)",,,Q849308,,,urn:lsid:ipni.org:names:506297-1,wfo-0000213458,2965209,,
5f3c9634-1d4d-11ec-82c2-f14daa6f2d93,subspecies,heterocarpa,Medicago,murex,"(Spach ex Durieu) Jauzein",,1995,,"Fl. Champs Cult. : 863 (1995)",,,,,,urn:lsid:ipni.org:names:77088009-1,wfo-0001361254,,,
0cb87f10-8fc5-11eb-924d-9cd76263cbd0,subspecies,sphaerocarpos,Medicago,murex,"(Bertol.) K.A.Lesins & I.Lesins",0,,,,,,,bf2d9bb8-8fc9-11eb-924d-9cd76263cbd0,,,wfo-0000191184,2965214,,
b529bbd4-8fcd-11eb-924d-9cd76263cbd0,species,muricata,Medicago,,Benth.,0,1826,,"Cat. Pl. Pyrénées : 102 (1826)",,,,,,urn:lsid:ipni.org:names:506298-1,wfo-0001055352,7481847,,
bf045fbe-8fc9-11eb-924d-9cd76263cbd0,species,muricoleptis,Medicago,,Tineo,0,1817,,"Pl. Rar. Sicil. Pugill. 1: 18 (1817)",,,,,,urn:lsid:ipni.org:names:506303-1,wfo-0000214457,2965306,,
3445047a-8fcc-11eb-924d-9cd76263cbd0,species,muricula,Medicago,,St.-Lag.,0,1880,,"Ann. Soc. Bot. Lyon 7: 130 (1880)",,,Q29185916,,,urn:lsid:ipni.org:names:506306-1,wfo-0000374265,3966082,,
0a9ad084-8fc5-11eb-924d-9cd76263cbd0,species,neglecta,Medicago,,Guss.,0,1828,,"Fl. Sicul. Prodr. 2: 575 (1828)",,,Q16568226,,,urn:lsid:ipni.org:names:506307-1,wfo-0000191137,2965463,,
34451f78-8fcc-11eb-924d-9cd76263cbd0,species,neurocarpos,Medicago,,"Kunze ex Urb.",0,1872,,"Index Seminum (B, Berolinensis) 1872(App.): 3 (1872)",,,,,,urn:lsid:ipni.org:names:506308-1,wfo-0000374266,3966078,,
bf80b49c-8fc9-11eb-924d-9cd76263cbd0,species,nigra,Medicago,,"(L.) Krock.",0,1790,,"Fl. Siles. 2(2): 244 (1790)",,,,,,urn:lsid:ipni.org:names:506309-1,wfo-0000214466,2965535,,
b73f0abe-8fcd-11eb-924d-9cd76263cbd0,variety,apiculata,Medicago,nigra,"(Willd.) O.Bolòs & Vigo",0,1974,,"Butl. Inst. Catalana Hist. Nat., Secc. Bot. 38(1): 70 (1974)",,,,bf72f514-8fc9-11eb-924d-9cd76263cbd0,,urn:lsid:ipni.org:names:885582-1,wfo-0001060149,7823003,,
b73f26ca-8fcd-11eb-924d-9cd76263cbd0,variety,denticulata,Medicago,nigra,"(Willd.) O.Bolòs & Vigo",0,1974,,"Butl. Inst. Catalana Hist. Nat., Secc. Bot. 38(1): 70 (1974)",,,,,,urn:lsid:ipni.org:names:885583-1,wfo-0001060150,8090175,,
0e7c11f4-8fc5-11eb-924d-9cd76263cbd0,subspecies,microcarpa,Medicago,nigra,"(Urb.) O.Bolòs & Vigo",0,1974,,"Butl. Inst. Catalana Hist. Nat., Secc. Bot. 38(1): 69 (1974)",,,,,,urn:lsid:ipni.org:names:885584-1,wfo-0000191217,2965541,,
23d6ea0e-1d48-11ec-82c2-f14daa6f2d93,variety,nigra,Medicago,nigra,"(L.) Krock.",,,,,,,,,,,wfo-0000186237,,,
729b6d7c-1d4d-11ec-82c2-f14daa6f2d93,variety,pentacycla,Medicago,nigra,"(DC.) O.Bolòs & Vigo",,1974,,"Butl. Inst. Catalana Hist. Nat., Secc. Bot. 38(1): 70 (1974)",,,,,,urn:lsid:ipni.org:names:885585-1,wfo-0001387266,,,
729b996e-1d4d-11ec-82c2-f14daa6f2d93,variety,polygyra,Medicago,nigra,"(Urb.) O.Bolòs & Vigo",,1974,,"Butl. Inst. Catalana Hist. Nat., Secc. Bot. 38(1): 70 (1974)",,,,,,urn:lsid:ipni.org:names:885586-1,wfo-0001387267,,,
729bc394-1d4d-11ec-82c2-f14daa6f2d93,variety,tricycla,Medicago,nigra,"(Godr.) O.Bolòs & Vigo",,1974,,"Butl. Inst. Catalana Hist. Nat., Secc. Bot. 38(1): 70 (1974)",,,,,,urn:lsid:ipni.org:names:885587-1,wfo-0001387268,,,
729bf79c-1d4d-11ec-82c2-f14daa6f2d93,variety,vulgaris,Medicago,nigra,"(Benth.) Franco",,1971,,"Nova Fl. Portugal 1: 553 (1971)",,,,,,urn:lsid:ipni.org:names:885588-1,wfo-0001387269,,,
34457586-8fcc-11eb-924d-9cd76263cbd0,species,noccae,Medicago,,Balb.,0,1815,,"Giorn. Fis. 8: 65 (1815)",,,,,,urn:lsid:ipni.org:names:506310-1,wfo-0000374269,3966046,,
96bc5d40-8fc4-11eb-924d-9cd76263cbd0,species,noeana,Medicago,,Boiss.,0,1856,,"Diagn. Pl. Orient. , ser. 2, 2: 10 (1856)",,,Q5804986,,,urn:lsid:ipni.org:names:506311-1,wfo-0000188803,2965396,,
b529d5ce-8fcd-11eb-924d-9cd76263cbd0,species,nummularia,Medicago,,DC.,0,1813,,"Cat. Pl. Horti Monsp. : 124 (1813)",,,,,,urn:lsid:ipni.org:names:506312-1,wfo-0001055353,8299765,,
0b793734-8fc5-11eb-924d-9cd76263cbd0,species,obscura,Medicago,,Retz.,0,1779,,"Observ. Bot. 1: 24 (1779)",,,,,,urn:lsid:ipni.org:names:506315-1,wfo-0000191156,2965255,,
0b6cdc46-8fc5-11eb-924d-9cd76263cbd0,subspecies,helix,Medicago,obscura,"(Willd.) Batt.",0,,,,,,,0b6062c2-8fc5-11eb-924d-9cd76263cbd0,,,wfo-0000191155,2965257,,
0b91a936-8fc5-11eb-924d-9cd76263cbd0,subspecies,tornata,Medicago,obscura,"(L.) Batt.",0,,,,,,,0b9df59c-8fc5-11eb-924d-9cd76263cbd0,,,wfo-0000191158,2965266,,
0a666946-8fc7-11eb-924d-9cd76263cbd0,species,ochroleuca,Medicago,,Kult,0,1946,,"Index Seminum (Acad. Sci. URSS) 1: 39 (1946)",,,,,,urn:lsid:ipni.org:names:506316-1,wfo-0000200775,2965333,,
349be356-8fc4-11eb-924d-9cd76263cbd0,species,officinalis,Medicago,,"(L.) E.H.L.Krause",0,1901,,"Deutschl. Fl. Abbild. , ed. 2, 9: 127 (1901)",,,,,,urn:lsid:ipni.org:names:506317-1,wfo-0000186952,2971048,,
3443e43c-8fcc-11eb-924d-9cd76263cbd0,species,oligocarpa,Medicago,,Corb.,0,1893,,"Nouv. Fl. Normandie : 150 (1894)",,,,,,urn:lsid:ipni.org:names:506318-1,wfo-0000374261,3966015,,
b710c06e-8fcd-11eb-924d-9cd76263cbd0,species,oligocarpa,Medicago,,Corb.,,1893,,"Nouv. Fl. Normandie : 150 (1894)",,,,,,urn:lsid:ipni.org:names:506318-1,wfo-0001059735,3966015,,
b52a0bc0-8fcd-11eb-924d-9cd76263cbd0,species,olivaeformis,Medicago,,Guss.,0,1826,,"Pl. Rar. 390 1826",,,,,,,wfo-0001055355,8240418,,
0a8e9472-8fc5-11eb-924d-9cd76263cbd0,species,oliviformis,Medicago,,Guss.,0,1826,,"Pl. Rar. : 390 (1826)",,,,,,urn:lsid:ipni.org:names:506319-1,wfo-0000191136,2965464,,
0c875ca0-8fc5-11eb-924d-9cd76263cbd0,species,ononidea,Medicago,,"(Coincy ex Rouy) A.W.Hill",0,1926,,"Index Kew. , Suppl. 6: 125 (1926)",,,,0c6f1000-8fc5-11eb-924d-9cd76263cbd0,,urn:lsid:ipni.org:names:506320-1,wfo-0000191180,,,
0f22f51e-8fc5-11eb-924d-9cd76263cbd0,species,orbicularioides,Medicago,,Candargy,0,1897,,"Bull. Soc. Bot. France 44: 161 (1897)",,,Q5735483,,,urn:lsid:ipni.org:names:506321-1,wfo-0000191231,2965586,,
8af65862-8fc9-11eb-924d-9cd76263cbd0,species,orbicularis,Medicago,,"(L.) Bartal.",0,1776,,"Cat. Piante Siena : 60 (1776)",,,,d5d9f462-8fcc-11eb-924d-9cd76263cbd0,,urn:lsid:ipni.org:names:506322-1,wfo-0000213459,2965299,,
64d3cbe4-1d4d-11ec-82c2-f14daa6f2d93,subspecies,castellana,Medicago,orbicularis,"(J.Caselias) P.Monts.",,1974,,"Bull. Soc. Échange Pl. Vasc. Eur. Occid. Bassin Médit. 15: 76. 1974 [1972-1973 publ. 1974]",,,,,,urn:lsid:ipni.org:names:885589-1,wfo-0001368597,,,
09ef4230-8fc7-11eb-924d-9cd76263cbd0,species,orientalis,Medicago,,Vassilcz.,0,1946,,"Bot. Zhurn. S.S.S.R. 31(3): 28 (1946)",,,Q2504738,,,urn:lsid:ipni.org:names:506323-1,wfo-0000200765,2965351,,
3444ca00-8fcc-11eb-924d-9cd76263cbd0,species,ornithopodioides,Medicago,,"(L.) Trautv.",0,1841,,"Bull. Cl. Phys.-Math. Acad. Imp. Sci. Saint-Pétersbourg , sér. 2, 8: 271 (1841)",,,,,,urn:lsid:ipni.org:names:506324-1,wfo-0000374263,9302305,,
ef7597ae-8fc3-11eb-924d-9cd76263cbd0,species,orthoceras,Medicago,,"(Kar. & Kir.) Trautv.",0,1877,,"Trudy Imp. S.-Peterburgsk. Bot. Sada 5: 421 (1877)",,,,a875297c-8fc9-11eb-924d-9cd76263cbd0,,urn:lsid:ipni.org:names:506325-1,wfo-0000185445,2965471,,
0e293b46-8fc5-11eb-924d-9cd76263cbd0,species,ovalis,Medicago,,"(Boiss.) Urb.",0,1873,,"Verh. Bot. Vereins Prov. Brandenburg 15: 81 (1873)",,,,,,urn:lsid:ipni.org:names:506326-1,wfo-0000191211,2965558,,
3444e878-8fcc-11eb-924d-9cd76263cbd0,species,ovata,Medicago,,"Carmign. ex Urb.",0,1873,,"Nomencl. Bot. [Steudel] 514; Carmign. in Giorn. Acad. Ital. (1810) ex Urban, in Verh. Bot. Ver. Brandenb. xv. (1873) 73. 1821",,,,,,urn:lsid:ipni.org:names:506327-1,wfo-0000374264,7475770,,
b52a27fe-8fcd-11eb-924d-9cd76263cbd0,species,oxalioides,Medicago,,Schur,0,1877,,"Verh. Naturf. Vereins Brünn 15(2): 174 (1877)",,,,,,urn:lsid:ipni.org:names:506328-1,wfo-0001055356,3965985,,
b52a422a-8fcd-11eb-924d-9cd76263cbd0,species,paillerii,Medicago,,Philippe,0,1878,,"Fl. Pyren. 1: 211 (1859)",,,,,,urn:lsid:ipni.org:names:506329-1,wfo-0001055357,3965983,,
b8294a0c-8fcd-11eb-924d-9cd76263cbd0,species,pamphylica,Medicago,,"(Hub.-Mor. & irj.) E.Small",0,1987,,"Willdenowia 16: 434 (1987)",,,,b6b2c31a-8fcd-11eb-924d-9cd76263cbd0,,urn:lsid:ipni.org:names:943778-1,wfo-0001062220,3965980,,
3459077c-8fcc-11eb-924d-9cd76263cbd0,species,panormitana,Medicago,,"Tineo ex Urb",0,1873,,"Verh. Bot. Vereins Prov. Brandenburg 15: 62. 1873",,,,,,urn:lsid:ipni.org:names:506330-1,wfo-0000374403,3965977,,
0aeeaf34-8fc4-11eb-924d-9cd76263cbd0,species,papillosa,Medicago,,Boiss.,0,1843,,"Diagn. Pl. Orient. 2: 23 (1843)",,,Q5804986,,,urn:lsid:ipni.org:names:506331-1,wfo-0000186027,2965466,,
7d03a64e-1d4d-11ec-82c2-f14daa6f2d93,variety,citrina,Medicago,papillosa,"K.A.Lesins & I.Lesins",,1979,,"Gen. Medicago 129, without latindescr. or type. 1979",,,,,,urn:lsid:ipni.org:names:885590-1,wfo-0001400994,,,
0886aba4-8fc7-11eb-924d-9cd76263cbd0,variety,dzhawakhetica,Medicago,papillosa,"(Bordz.) Bordz.",0,,,,,,,26165186-8fc4-11eb-924d-9cd76263cbd0,,,wfo-0000200737,2965467,,
8228314e-1d4d-11ec-82c2-f14daa6f2d93,subspecies,papillosa,Medicago,papillosa,,,,,Unknown,,,,,,urn:lsid:ipni.org:names:77190592-1,wfo-0001425625,,,
34663320-8fcc-11eb-924d-9cd76263cbd0,species,paradoxa,Medicago,,"Spreng. ex Steud.",0,1821,,"Nomencl. Bot. 1: 514 (1821)",,,,,,urn:lsid:ipni.org:names:506332-1,wfo-0000374484,3965965,,
346658c8-8fcc-11eb-924d-9cd76263cbd0,species,parviflora,Medicago,,"(Desf.) E.H.L.Krause",0,1901,,"Deutschl. Fl. Abbild. , ed. 2, 9: 125 (1901)",,,,,,urn:lsid:ipni.org:names:506333-1,wfo-0000374485,3965959,,
34667808-8fcc-11eb-924d-9cd76263cbd0,species,pauciflora,Medicago,,Ledeb.,0,1843,,"Fl. Ross. 1: 526 (1843)",,,,,,urn:lsid:ipni.org:names:506334-1,wfo-0000374486,3965953,,
3467a516-8fcc-11eb-924d-9cd76263cbd0,species,pedunculata,Medicago,,"Ehrenb. ex Sweet",0,1830,,"Hort. Brit. , ed. 2: 134 (1830)",,,,,,urn:lsid:ipni.org:names:506335-1,wfo-0000374491,3965945,,
34669a54-8fcc-11eb-924d-9cd76263cbd0,species,pekinensis,Medicago,,Vassilcz.,0,1950,,"Bot. Mater. Gerb. Bot. Inst. Komarova Akad. Nauk S.S.S.R. 12: 114 (1950)",,,Q5732625,,,urn:lsid:ipni.org:names:506336-1,wfo-0000374487,3965942,,
34660ddc-8fcc-11eb-924d-9cd76263cbd0,species,pennata,Medicago,,"Schwägr. ex Steud.",0,1821,,"Nomencl. Bot. 1: 514 (1821)",,,,,,urn:lsid:ipni.org:names:506337-1,wfo-0000374483,3965935,,
bf574b70-8fc9-11eb-924d-9cd76263cbd0,species,pentacycla,Medicago,,DC.,0,1813,,"Cat. Pl. Horti Monsp. : 124 (1813)",,,,,,urn:lsid:ipni.org:names:506338-1,wfo-0000214463,2965543,,
96c879b8-8fc4-11eb-924d-9cd76263cbd0,species,persica,Medicago,,"(Boiss.) E.Small",0,1987,,"Willdenowia 16: 434 (1987)",,,,,,urn:lsid:ipni.org:names:943779-1,wfo-0000188804,2965457,,
96d52d98-8fc4-11eb-924d-9cd76263cbd0,species,phrygia,Medicago,,"(Boiss. & Balansa) E.Small",0,1987,,"Willdenowia 16: 433 (1987)",,,,,,urn:lsid:ipni.org:names:943772-1,wfo-0000188805,2965399,,
3465313c-8fcc-11eb-924d-9cd76263cbd0,species,pilosa,Medicago,,Schleich.,0,1815,,"Cat. Pl. Helv. , ed. 3: 46 (1815)",,,,,,urn:lsid:ipni.org:names:506341-1,wfo-0000374480,3965924,,
3467893c-8fcc-11eb-924d-9cd76263cbd0,species,pilosa,Medicago,,"Fisch. ex Moris",0,1833,,"Mem. Reale Accad. Sci. Torino 36: 190 (1833)",,,,,,urn:lsid:ipni.org:names:506340-1,wfo-0000374490,8368138,,
34676984-8fcc-11eb-924d-9cd76263cbd0,species,pinnatifida,Medicago,,Steud.,0,1821,,"Nomencl. Bot. 1: 514 (1821)",,,,,,urn:lsid:ipni.org:names:506342-1,wfo-0000374489,3965921,,
9f74b298-8fc9-11eb-924d-9cd76263cbd0,species,pironae,Medicago,,Vis.,0,1856,,"Linnaea 28: 365 (1856)",,,Q5976761,,,urn:lsid:ipni.org:names:506343-1,wfo-0000213854,2965518,,
0f3ba33e-8fc5-11eb-924d-9cd76263cbd0,species,plagiospira,Medicago,,Durieu,0,1845,,"Rev. Bot. Recueil Mens. 1: 366 (1845)",,,,,,urn:lsid:ipni.org:names:506344-1,wfo-0000191233,2965517,,
151a003a-8fc4-11eb-924d-9cd76263cbd0,species,platycarpa,Medicago,,"(L.) Trautv.",0,,,,,,,,,,wfo-0000186245,2965560,,
152610e6-8fc4-11eb-924d-9cd76263cbd0,species,platycarpos,Medicago,,"(L.) Trautv.",0,1841,,"Bull. Cl. Phys.-Math. Acad. Imp. Sci. Saint-Pétersbourg sér. 2, 8: 271. 1841",,,,,,,wfo-0000186246,2965568,,
b52a5d78-8fcd-11eb-924d-9cd76263cbd0,species,platycarpos,Medicago,,"(L.) Trautv.",0,1841,,"Bull. Cl. Phys.-Math. Acad. Imp. Sci. Saint-Pétersbourg , sér. 2, 8: 271 (1841)",,,,,,urn:lsid:ipni.org:names:506345-1,wfo-0001055358,8066005,,
71c0ff52-1d4d-11ec-82c2-f14daa6f2d93,variety,potaninii,Medicago,platycarpos,Sumn.,,1932,,"Sist. Zametki Mater. Gerb. Krylova Tomsk. Gosud. Univ. Kuybysheva 1-2: 14 (1932)",,,,,,urn:lsid:ipni.org:names:77161137-1,wfo-0001386141,,,
3463c4a0-8fcc-11eb-924d-9cd76263cbd0,species,plicata,Medicago,,"(Boiss.) irj.",0,1928,,"Spisy Prír. Fak. Masarykovy Univ. 102: 33 (1928)",,,,51cc9ba2-8fcc-11eb-924d-9cd76263cbd0,,urn:lsid:ipni.org:names:506347-1,wfo-0000374476,3965904,,
346403ac-8fcc-11eb-924d-9cd76263cbd0,species,plumbea,Medicago,,Bertol.,0,1852,,"Fl. Ital. 8: 267 (1852)",,,,,,urn:lsid:ipni.org:names:506348-1,wfo-0000374478,3965902,,
09fcdcb0-8fc7-11eb-924d-9cd76263cbd0,species,polia,Medicago,,"(Brandegee) Vassilcz.",0,1946,,"Bot. Zhurn. S.S.S.R. 31(3): 27 (1946)",,,Q2504738,,,urn:lsid:ipni.org:names:506349-1,wfo-0000200766,2965352,,
34650eaa-8fcc-11eb-924d-9cd76263cbd0,species,polonica,Medicago,,"Bellardi ex Balb.",0,1834,,"Herb. Pedem. 2: 100 (1834)",,,,,,urn:lsid:ipni.org:names:506350-1,wfo-0000374479,3965897,,
3463a934-8fcc-11eb-924d-9cd76263cbd0,species,polyantha,Medicago,,Dulac,0,1867,,"Fl. Hautes-Pyrénées : 278 (1867)",,,,,,urn:lsid:ipni.org:names:506351-1,wfo-0000374475,3965893,,
0e6030e2-8fc5-11eb-924d-9cd76263cbd0,species,polycarpa,Medicago,,"Willd. ex Steud.",0,1841,,"Nomencl. Bot. , ed. 2, 2: 110 (1841)",,,,,,urn:lsid:ipni.org:names:60457331-2,wfo-0000191215,2965550,,
6da812f2-1d4d-11ec-82c2-f14daa6f2d93,variety,apiculata,Medicago,polycarpa,"(Willd.) Godr.",,1849,,"Fl. France 1: 390 (1849)",,,,,,urn:lsid:ipni.org:names:60457333-2,wfo-0001381021,,,
6da83926-1d4d-11ec-82c2-f14daa6f2d93,variety,denticulata,Medicago,polycarpa,"(Willd.) Godr.",,1849,,"Fl. France 1: 390 (1849)",,,,,,urn:lsid:ipni.org:names:60457334-2,wfo-0001381022,,,
0e96889a-8fc5-11eb-924d-9cd76263cbd0,subspecies,polymorpha,Medicago,polycarpa,"(L.) Cadevall & Sallent",0,,,,,,,,,,wfo-0000191219,2965551,,
0ea2e2e8-8fc5-11eb-924d-9cd76263cbd0,subspecies,reticulata,Medicago,polycarpa,"(Benth.) Coste",0,,,,,,,,,,wfo-0000191220,2965539,,
b7f00a1c-8fcd-11eb-924d-9cd76263cbd0,variety,tuberculata,Medicago,polycarpa,Godr.,0,1848,,"Fl. France 1: 390 (1848)",,,,,,urn:lsid:ipni.org:names:60457332-2,wfo-0001061722,6710118,,
ef81b4da-8fc3-11eb-924d-9cd76263cbd0,species,polyceratia,Medicago,,"(L.) Sauvages ex Trautv.",0,1841,,"Bull. Sci. Acad. Imp. Sci. Saint-Pétersbourg 8: 272 (1841)",,,,706dbc74-8fc9-11eb-924d-9cd76263cbd0,,urn:lsid:ipni.org:names:506354-1,wfo-0000185446,,,
b82ac79c-8fcd-11eb-924d-9cd76263cbd0,subspecies,amandiana,Medicago,polyceratia,"(Samp.) Greuter & Burdet",0,1989,,"Willdenowia 19: 32 (1989)",,,,,,urn:lsid:ipni.org:names:955502-1,wfo-0001062234,3965883,,
96e1eea2-8fc4-11eb-924d-9cd76263cbd0,species,polychroa,Medicago,,Grossh.,0,,,,,,,,,,wfo-0000188806,2965521,,
3468363e-8fcc-11eb-924d-9cd76263cbd0,species,polycycla,Medicago,,Moris,0,1835,,"Mem. Reale Accad. Sci. Torino 38: xxxi (1835)",,,,,,urn:lsid:ipni.org:names:506356-1,wfo-0000374496,3965877,,
8b04a05c-8fc9-11eb-924d-9cd76263cbd0,species,polymorpha,Medicago,,L.,0,1753,,"Sp. Pl. : 779, 1200 (1753)",,,Q849308,,,urn:lsid:ipni.org:names:60465997-2,wfo-0000213460,2965531,,
9157d3cc-8fc7-11eb-924d-9cd76263cbd0,variety,apiculata,Medicago,polymorpha,"(Willd.) Ooststr. & Reichg.",0,,,,,,,bf72f514-8fc9-11eb-924d-9cd76263cbd0,,,wfo-0000203336,7894683,,
b7efe76c-8fcd-11eb-924d-9cd76263cbd0,form,apiculata,Medicago,polymorpha,"(Willd.) Shinners",0,1956,,"Rhodora 58(694): 310 1956",,,,bf72f514-8fc9-11eb-924d-9cd76263cbd0,,,wfo-0001061721,7894683,,
09ede7ca-8fc5-11eb-924d-9cd76263cbd0,variety,arabica,Medicago,polymorpha,L.,0,1753,,"Sp. Pl. : 780 (1753)",,,Q849308,,,urn:lsid:ipni.org:names:60465998-2,wfo-0000191123,2965529,,
6d304556-1d4d-11ec-82c2-f14daa6f2d93,variety,brevispina,Medicago,polymorpha,"(Benth.) Heyn",,1963,,"Scripta Hierosolymitana 12: 77 (1963)",,,,,,urn:lsid:ipni.org:names:59400-3,wfo-0001380414,,,
0b3b4898-8fc5-11eb-924d-9cd76263cbd0,variety,ciliaris,Medicago,polymorpha,L.,0,1753,,"Sp. Pl. : 780 (1753)",,,Q849308,,,urn:lsid:ipni.org:names:60471515-2,wfo-0000191151,2965410,,
7ddc3806-1d4d-11ec-82c2-f14daa6f2d93,variety,confinis,Medicago,polymorpha,"(Koch) Diklić",,1986,,"Fl. SR Srbije 10: 115 (1986):.",,,,,,urn:lsid:ipni.org:names:953303-1,wfo-0001402045,,,
0a695e82-8fc5-11eb-924d-9cd76263cbd0,variety,coronata,Medicago,polymorpha,L.,0,1753,,"Sp. Pl. : 780 (1753)",,,Q849308,,,urn:lsid:ipni.org:names:60471514-2,wfo-0000191133,2965506,,
74cb8032-1d4d-11ec-82c2-f14daa6f2d93,variety,denticulata,Medicago,polymorpha,"(Willd.) Kerguélen",,1993,,"Coll. Patrim. Nat. 8: xiv (1993)",,,,,,urn:lsid:ipni.org:names:971209-1,wfo-0001390105,,,
16c31ca6-8fcd-11eb-924d-9cd76263cbd0,variety,hirsuta,Medicago,polymorpha,L.,0,1753,,"Sp. Pl. : 780 (1753)",,,Q849308,,,urn:lsid:ipni.org:names:60471516-2,wfo-0000740095,7863840,,
8b127646-8fc9-11eb-924d-9cd76263cbd0,subspecies,hispida,Medicago,polymorpha,Ponert,0,1972,,"Feddes Repert. 83: 639 (1972 publ. 1973)",,,Q5643138,,,urn:lsid:ipni.org:names:885591-1,wfo-0000213461,2965554,,
0b47a958-8fc5-11eb-924d-9cd76263cbd0,variety,intertexta,Medicago,polymorpha,L.,0,1753,,"Sp. Pl. : 780 (1753)",,,Q849308,,,urn:lsid:ipni.org:names:60471512-2,wfo-0000191152,2965407,,
12c08448-8fc5-11eb-924d-9cd76263cbd0,variety,laciniata,Medicago,polymorpha,L.,0,1753,,"Sp. Pl. : 781 (1753)",,,Q849308,,,urn:lsid:ipni.org:names:60471517-2,wfo-0000191283,2965230,,
0e457522-8fc5-11eb-924d-9cd76263cbd0,subspecies,lappacea,Medicago,polymorpha,"(Desr.) Bonafe",0,,,,,,,bf49af7e-8fc9-11eb-924d-9cd76263cbd0,,,wfo-0000191213,2965548,,
c401f5be-8fd1-11eb-924d-9cd76263cbd0,subspecies,microcarpa,Medicago,polymorpha,"(Urb.) O.Bolòs, Vigo, Masalles & Ninot",0,1990,,"Fl. Man. Paísos Catalans : 1214 (1990)",,,,,,urn:lsid:ipni.org:names:966464-1,wfo-0001261473,3965859,,
9e939ade-8fc3-11eb-924d-9cd76263cbd0,variety,minima,Medicago,polymorpha,L.,0,1753,,"Sp. Pl. : 780 (1753)",,,Q849308,,,urn:lsid:ipni.org:names:77062982-1,wfo-0000183744,2965574,,
6e289ae4-1d4d-11ec-82c2-f14daa6f2d93,variety,muricata,Medicago,polymorpha,L.,,1753,,"Sp. Pl. : 781 (1753)",,,Q849308,,,urn:lsid:ipni.org:names:60471513-2,wfo-0001381679,,,
095ac09c-8fc7-11eb-924d-9cd76263cbd0,variety,nigra,Medicago,polymorpha,L.,0,1771,,"Mant. Pl. 2: 454 (1771)",,,,,,urn:lsid:ipni.org:names:60471508-2,wfo-0000200754,2965533,,
0e1b31b8-8fc5-11eb-924d-9cd76263cbd0,variety,orbicularis,Medicago,polymorpha,L.,0,1753,,"Sp. Pl. : 779 (1753)",,,Q849308,,,urn:lsid:ipni.org:names:77089102-1,wfo-0000191210,2965301,,
0eafe218-8fc5-11eb-924d-9cd76263cbd0,subspecies,polycarpa,Medicago,polymorpha,"(Willd. ex Steud.) Romero Zarco",0,1986,,"Lagascalia 14: 146 (1986)",,,,,,urn:lsid:ipni.org:names:953087-1,wfo-0000191221,2965542,,
1e813dac-1d48-11ec-82c2-f14daa6f2d93,variety,polymorpha,Medicago,polymorpha,L.,,1753,,"Species Plantarum 2  1753",,,,,,urn:lsid:ipni.org:names:59431-3,wfo-0000179787,,,
6cf399da-1d4d-11ec-82c2-f14daa6f2d93,variety,recta,Medicago,polymorpha,Desf.,,1802,,"Sp. Pl., ed. 4 , 3: 1415 (1802)",,,Q849308,,,urn:lsid:ipni.org:names:506383-1,wfo-0001380059,,,
63a46c92-1d4d-11ec-82c2-f14daa6f2d93,subspecies,reticulata,Medicago,polymorpha,"(Benth.) Solanas & M.B.Crespo",,1998,,"Sarrià 1: 35 (1998–99 publ. 1999):.",,,,,,urn:lsid:ipni.org:names:1006760-1,wfo-0001367027,,,
0ef16378-8fc5-11eb-924d-9cd76263cbd0,variety,rigidula,Medicago,polymorpha,L.,0,1753,,"Sp. Pl. : 780 (1753)",,,Q849308,,,urn:lsid:ipni.org:names:60471518-2,wfo-0000191227,2965448,,
0f2f401c-8fc5-11eb-924d-9cd76263cbd0,variety,scutellata,Medicago,polymorpha,L.,0,1753,,"Sp. Pl. : 779 (1753)",,,Q849308,,,urn:lsid:ipni.org:names:77127741-1,wfo-0000191232,2965398,,
0b9df59c-8fc5-11eb-924d-9cd76263cbd0,variety,tornata,Medicago,polymorpha,L.,0,1753,,"Sp. Pl. : 780 (1753)",,,Q849308,,,urn:lsid:ipni.org:names:60471510-2,wfo-0000191159,2965267,,
0f798438-8fc5-11eb-924d-9cd76263cbd0,variety,tuberculata,Medicago,polymorpha,Retz.,0,,,,,,,,,,wfo-0000191239,2965477,,
b7f026be-8fcd-11eb-924d-9cd76263cbd0,form,tuberculata,Medicago,polymorpha,"(Godr.) Shinners",0,1956,,"Rhodora 58(694): 310 1956",,,,b7f00a1c-8fcd-11eb-924d-9cd76263cbd0,,,wfo-0001061723,6710124,,
0f9eb87a-8fc5-11eb-924d-9cd76263cbd0,variety,turbinata,Medicago,polymorpha,L.,0,1753,,"Sp. Pl. : 780 (1753)",,,Q849308,,,urn:lsid:ipni.org:names:60471511-2,wfo-0000191242,2965479,,
82952f5e-8fc4-11eb-924d-9cd76263cbd0,variety,vulgaris,Medicago,polymorpha,"(Benth.) Shinners",0,1956,,"Rhodora 58: 310 (1956)",,,,,,urn:lsid:ipni.org:names:59457-3,wfo-0000188408,2965537,,
bf6529ac-8fc9-11eb-924d-9cd76263cbd0,species,pontificalis,Medicago,,Gennari,0,1870,,"Nuovo Giorn. Bot. Ital. 2: 132 (1870)",,,,,,urn:lsid:ipni.org:names:506359-1,wfo-0000214464,2965420,,
b71184e0-8fcd-11eb-924d-9cd76263cbd0,species,popovii,Medicago,,"(Korovin) irj.",0,1928,,"Bull. Misc. Inform. Kew 1928: 271 (1928)",,,Q5735532,,,urn:lsid:ipni.org:names:506360-1,wfo-0001059742,3965845,,
cc146c80-8fc9-11eb-924d-9cd76263cbd0,species,pourretii,Medicago,,Noulet,0,1837,,"Fl. Bass. Sous-Pyrén. : 151 (1837)",,,,,,urn:lsid:ipni.org:names:506361-1,wfo-0000214730,2965317,,
9f81fdd6-8fc9-11eb-924d-9cd76263cbd0,species,praecox,Medicago,,DC.,0,1813,,"Cat. Pl. Horti Monsp. : 123 (1813)",,,,,,urn:lsid:ipni.org:names:506362-1,wfo-0000213855,2965419,,
0a174a78-8fc7-11eb-924d-9cd76263cbd0,species,praesativa,Medicago,,Sinskaya,0,1950,,"Fl. Cult. Pl. 13(1): 51 (1950)",,,,,,urn:lsid:ipni.org:names:506363-1,wfo-0000200768,2965342,,
b7f7c324-8fcd-11eb-924d-9cd76263cbd0,subspecies,spontanea,Medicago,praesativa,Sinskaya,0,,,,,,,,,,wfo-0001061793,8272649,,
0aa6e5cc-8fc5-11eb-924d-9cd76263cbd0,species,procumbens,Medicago,,Besser,0,1809,,"Prim. Fl. Galiciae Austriac. 2: 127 (1809)",,,,,,urn:lsid:ipni.org:names:506364-1,wfo-0000191138,2965362,,
6e467578-1d4d-11ec-82c2-f14daa6f2d93,variety,viscosa,Medicago,procumbens,Rchb.,,1832,,"Fl. Germ. Excurs. : 504 (1832)",,,,,,urn:lsid:ipni.org:names:60475721-2,wfo-0001381854,,,
9f9d1148-8fc9-11eb-924d-9cd76263cbd0,species,prostrata,Medicago,,Jacq.,0,1771,,"Hort. Bot. Vindob. 1: 39 (1771)",,,,,,urn:lsid:ipni.org:names:506365-1,wfo-0000213857,2965287,,
6d3487ba-1d4d-11ec-82c2-f14daa6f2d93,variety,glabra,Medicago,prostrata,Micevski,,2001,,"Fl. Republ. Makedonija 1(5): 1417 (2001)",,,,,,urn:lsid:ipni.org:names:60426803-2,wfo-0001380440,,,
45546de6-1d4d-11ec-82c2-f14daa6f2d93,form,glandulosa,Medicago,prostrata,Mitsevski,,1973,,"God. Zborn., Biol. 25: 141. 1973",,,,,,urn:lsid:ipni.org:names:885592-1,wfo-0001326095,,,
7d03d7c2-1d4d-11ec-82c2-f14daa6f2d93,variety,matkae,Medicago,prostrata,Mitsevski,,1973,,"God. Zborn., Biol. 25: 144. 1973",,,,,,urn:lsid:ipni.org:names:885593-1,wfo-0001400995,,,
45549604-1d4d-11ec-82c2-f14daa6f2d93,form,pilosa,Medicago,prostrata,Mitsevski,,1973,,"God. Zborn., Biol. 25: 143. 1973",,,,,,urn:lsid:ipni.org:names:885594-1,wfo-0001326096,,,
b73f4592-8fcd-11eb-924d-9cd76263cbd0,subspecies,pseudorupestris,Medicago,prostrata,"(Hayek) Micevski",0,1973,,"God. Zborn., Biol. 25: 140. 1973",,,,b71113e8-8fcd-11eb-924d-9cd76263cbd0,,urn:lsid:ipni.org:names:885595-1,wfo-0001060151,8012012,,
7d040d50-1d4d-11ec-82c2-f14daa6f2d93,variety,topolkae,Medicago,prostrata,Mitsevski,,1973,,"God. Zborn., Biol. 25: 144. 1973",,,,,,urn:lsid:ipni.org:names:885596-1,wfo-0001400996,,,
64d3f4ac-1d4d-11ec-82c2-f14daa6f2d93,subspecies,vukovicii,Medicago,prostrata,Mitsevski,,1973,,"God. Zborn., Biol. 25: 142. 1973",,,,,,urn:lsid:ipni.org:names:885597-1,wfo-0001368598,,,
b52a7718-8fcd-11eb-924d-9cd76263cbd0,species,pseudo-gerardi,Medicago,,Nyman,0,1878,,"Consp. Fl. Eur. 1: 168. 1878 [Sep 1878]",,,Q5784347,,,urn:lsid:ipni.org:names:506366-1,wfo-0001055359,,,
b52a9310-8fcd-11eb-924d-9cd76263cbd0,species,pseudo-gerardi,Medicago,,Schur,0,1877,,"Verh. Naturf. Vereins Brünn 15(2): 174 (1877)",,,,,,urn:lsid:ipni.org:names:506367-1,wfo-0001055360,,,
3467ff52-8fcc-11eb-924d-9cd76263cbd0,species,pseudogerardi,Medicago,,Nyman,0,1878,,"Consp. Fl. Eur. 1: 168. 1878 [Sep 1878]",,,Q5784347,,,urn:lsid:ipni.org:names:506366-1,wfo-0000374494,8211313,,
34681ba4-8fcc-11eb-924d-9cd76263cbd0,species,pseudogerardi,Medicago,,Schur,0,1877,,"Verh. Naturf. Vereins Brünn 15(2): 174 (1877)",,,,,,urn:lsid:ipni.org:names:506367-1,wfo-0000374495,7858202,,
913bdb0e-8fc7-11eb-924d-9cd76263cbd0,species,pseudogranatensis,Medicago,,Blatt.,0,1933,,"J. Bombay Nat. Hist. Soc. 36: 969 (1933)",,,,,,urn:lsid:ipni.org:names:506368-1,wfo-0000203333,2965225,,
b71113e8-8fcd-11eb-924d-9cd76263cbd0,species,pseudorupestris,Medicago,,Hayek,0,1918,,"Denkschr. Kaiserl. Akad. Wiss., Wien. Math.-Naturwiss. Kl. 94: 172 (1917 publ. 1918)",,,,,,urn:lsid:ipni.org:names:506369-1,wfo-0001059738,3965798,,
3467c780-8fcc-11eb-924d-9cd76263cbd0,species,psilocarpa,Medicago,,Trautv.,0,1841,,"Bull. Sci. Acad. Imp. Sci. Saint-Pétersbourg 8: 272 (1841)",,,,,,urn:lsid:ipni.org:names:506370-1,wfo-0000374492,3965792,,
9105f8c2-8fc7-11eb-924d-9cd76263cbd0,species,pubescens,Medicago,,"(Baker) Sirj.",0,,,,,,,,,,wfo-0000203329,,,
b7119f0c-8fcd-11eb-924d-9cd76263cbd0,species,pubescens,Medicago,,"(Edgew. ex Baker) Širj.",0,1928,,"Pl. Rar. 313.",,,,,,urn:lsid:ipni.org:names:506373-1,wfo-0001059743,2965427,,
db46d026-8fc4-11eb-924d-9cd76263cbd0,species,pubescens,Medicago,,Aylmer,,,,,,,,,,,wfo-0000190157,8097509,,
3468702c-8fcc-11eb-924d-9cd76263cbd0,species,pugionata,Medicago,,Trautv.,0,1841,,"Bull. Sci. Acad. Imp. Sci. Saint-Pétersbourg 8: 272 (1841)",,,,,,urn:lsid:ipni.org:names:506375-1,wfo-0000374498,3965776,,
0c93bffe-8fc5-11eb-924d-9cd76263cbd0,species,pulchella,Medicago,,Lowe,0,1838,,"Trans. Cambridge Philos. Soc. 6: 547 (1838)",,,,,,urn:lsid:ipni.org:names:506377-1,wfo-0000191181,2965577,,
346169a8-8fcc-11eb-924d-9cd76263cbd0,species,pungens,Medicago,,Trautv.,0,1841,,"Bull. Cl. Phys.-Math. Acad. Imp. Sci. Saint-Pétersbourg , sér. 2, 8: 271 (1841)",,,,,,urn:lsid:ipni.org:names:506378-1,wfo-0000374459,3965772,,
34655e50-8fcc-11eb-924d-9cd76263cbd0,species,purpurea,Medicago,,Gueldenst.,0,1787,,"Reis. Russland 1: 195 (1787)",,,,,,urn:lsid:ipni.org:names:506379-1,wfo-0000374481,3965766,,
34618b9a-8fcc-11eb-924d-9cd76263cbd0,species,pusilla,Medicago,,Viv.,0,1830,,"Pl. Aegypt. Dec. : 14 (1830)",,,,,,urn:lsid:ipni.org:names:506380-1,wfo-0000374460,3965760,,
150dd7ba-8fc4-11eb-924d-9cd76263cbd0,species,quasifalcata,Medicago,,Sinskaya,0,1945,,"Proc. Lenin Acad. Agric. Sci. U.S.S.R. 18(4): 300 (1945)",,,,,,urn:lsid:ipni.org:names:506381-1,wfo-0000186244,2965360,,
14f5e98e-8fc4-11eb-924d-9cd76263cbd0,species,radiata,Medicago,,L.,0,1753,,"Sp. Pl. : 778 (1753)",,,Q849308,,,urn:lsid:ipni.org:names:506382-1,wfo-0000186242,2965388,,
0c750b48-8fc7-11eb-924d-9cd76263cbd0,variety,dasycarpa,Medicago,radiata,Ser.,0,,,,,,,,,,wfo-0000200815,2981562,,
0c568d46-8fc5-11eb-924d-9cd76263cbd0,species,recta,Medicago,,"(Desf.) Willd.",0,1802,,"Sp. Pl., ed. 4 , 3: 1415 (1802)",,,Q849308,,,urn:lsid:ipni.org:names:506383-1,wfo-0000191176,2965578,,
34627d3e-8fcc-11eb-924d-9cd76263cbd0,species,reniformis,Medicago,,Dulac,0,1867,,"Fl. Hautes-Pyrénées : 278 (1867)",,,,,,urn:lsid:ipni.org:names:506385-1,wfo-0000374465,3965746,,
bf8e9684-8fc9-11eb-924d-9cd76263cbd0,species,reticulata,Medicago,,Benth.,0,1826,,"Cat. Pl. Pyrénées : 101 (1826)",,,,,,urn:lsid:ipni.org:names:506386-1,wfo-0000214467,2965536,,
96ee27b2-8fc4-11eb-924d-9cd76263cbd0,species,retrorsa,Medicago,,"(Boiss.) E.Small",0,1987,,"Willdenowia 16: 434 (1987)",,,,,,urn:lsid:ipni.org:names:943780-1,wfo-0000188807,2965432,,
34621bb4-8fcc-11eb-924d-9cd76263cbd0,species,revolii,Medicago,,"H.J.Coste & Soulié",0,1921,,"Monde Pl. 22: 6 (1921)",,,,,,urn:lsid:ipni.org:names:506387-1,wfo-0000374462,7507018,,
b7112f54-8fcd-11eb-924d-9cd76263cbd0,species,revolii,Medicago,,"Coste & Soulei",0,1921,,"Le Monde des Plantes, 1921 22(129): 6",,,,,,,wfo-0001059739,3965736,,
346242a6-8fcc-11eb-924d-9cd76263cbd0,species,reynieri,Medicago,,Albert,0,1893,,"Bull. Herb. Boissier 1(App. 1): 14 (1893)",,,Q2378336,,,urn:lsid:ipni.org:names:506388-1,wfo-0000374463,3965732,,
cc227366-8fc9-11eb-924d-9cd76263cbd0,species,rhodopea,Medicago,,Velen.,0,1892,,"Sitzungsber. Königl. Böhm. Ges. Wiss., Math.-Naturwiss. Cl. 1892-1893: 31 (1892)",,,,,,urn:lsid:ipni.org:names:506389-1,wfo-0000214731,2965465,,
b829669a-8fcd-11eb-924d-9cd76263cbd0,species,rhytidiocarpa,Medicago,,"(Boiss. & Balansa) E.Small",0,1987,,"Willdenowia 16: 434 (1987)",,,,b51d18ca-8fcd-11eb-924d-9cd76263cbd0,,urn:lsid:ipni.org:names:943781-1,wfo-0001062221,3965727,,
f4da6ca6-8fc3-11eb-924d-9cd76263cbd0,species,rigida,Medicago,,"(Boiss. & Balansa) E.Small",0,1987,,"Willdenowia 16: 434 (1987)",,,,f4e67352-8fc3-11eb-924d-9cd76263cbd0,,urn:lsid:ipni.org:names:943782-1,wfo-0000185562,8094480,,
8b4b8832-8fc9-11eb-924d-9cd76263cbd0,species,rigidula,Medicago,,"(L.) All.",0,1785,,"Fl. Pedem. 1: 316 (1785)",,,,0ef16378-8fc5-11eb-924d-9cd76263cbd0,,urn:lsid:ipni.org:names:20011853-1,wfo-0000213465,2965438,,
0efdca32-8fc5-11eb-924d-9cd76263cbd0,subspecies,agrestis,Medicago,rigidula,"(Ten.) Rouy",0,1899,,"Fl. France 5: 27 (1899)",,,,240ec97c-8fc4-11eb-924d-9cd76263cbd0,,urn:lsid:ipni.org:names:885598-1,wfo-0000191228,2965441,,
b8048258-8fcd-11eb-924d-9cd76263cbd0,variety,agrestis,Medicago,rigidula,Burniat,,1896,,"Fl. Alp. Marit. 2: 102 1896",,,,,,,wfo-0001061904,6710149,,
0f0a47d0-8fc5-11eb-924d-9cd76263cbd0,subspecies,cinerascens,Medicago,rigidula,"(Jord.) Ponert",0,1972,,"Feddes Repert. 83: 639 (1972 publ. 1973)",,,Q5643138,,,urn:lsid:ipni.org:names:885599-1,wfo-0000191229,2965445,,
0a5d3e9a-8fc5-11eb-924d-9cd76263cbd0,subspecies,constricta,Medicago,rigidula,"(Durieu) Ponert",0,1972,,"Feddes Repert. 83: 640 (1972 publ. 1973)",,,Q5643138,0a37fa72-8fc5-11eb-924d-9cd76263cbd0,,urn:lsid:ipni.org:names:885600-1,wfo-0000191132,2965414,,
7d0439b0-1d4d-11ec-82c2-f14daa6f2d93,variety,glandulosa,Medicago,rigidula,"(Podp.) Kožuharov",,1976,,"Fl. Narodna Republ. Bulg. 6: 301. 1976",,,,,,urn:lsid:ipni.org:names:885601-1,wfo-0001400997,,,
5e07cb9e-1d4d-11ec-82c2-f14daa6f2d93,subspecies,sinskiae,Medicago,rigidula,"(Uljanova) Mehregan & Rahimin.",,2002,,"Iran. J. Bot. 9: 214 (2002)",,,,,,urn:lsid:ipni.org:names:20011854-1,wfo-0001359615,,,
b73f62c0-8fcd-11eb-924d-9cd76263cbd0,variety,submitis,Medicago,rigidula,"(Boiss.) Ponert",0,1972,,"Feddes Repert. 83: 640 (1972 publ. 1973)",,Q55754699,Q5643138,,,urn:lsid:ipni.org:names:885602-1,wfo-0001060152,7781548,,
4554c2d2-1d4d-11ec-82c2-f14daa6f2d93,form,viscidula,Medicago,rigidula,Kožuharov,,1976,,"Fl. Narodna Republ. Bulg. 6: 557. 1976",,,,,,urn:lsid:ipni.org:names:885603-1,wfo-0001326097,,,
61b42242-1d4d-11ec-82c2-f14daa6f2d93,subspecies,zoharyi,Medicago,rigidula,Ponert,,1972,,"Feddes Repert. 83: 640 (1972 publ. 1973)",,,Q5643138,,,urn:lsid:ipni.org:names:885604-1,wfo-0001364618,,,
34614e0a-8fcc-11eb-924d-9cd76263cbd0,species,rigiduloides,Medicago,,E.Small,0,1990,,"Canad. J. Bot. 68: 2614 (1990)",,,,,,urn:lsid:ipni.org:names:958365-1,wfo-0000374458,3965689,,
0a739d8c-8fc7-11eb-924d-9cd76263cbd0,species,rivularis,Medicago,,Vassilcz.,0,1941,,"Vol. Sci. Works Leningrad 1941-43 : 101 (1946)",,,,,,urn:lsid:ipni.org:names:506395-1,wfo-0000200776,2965330,,
b712767a-8fcd-11eb-924d-9cd76263cbd0,species,roborovskii,Medicago,,Vassilcz.,0,1950,,"Bot. Mater. Gerb. Bot. Inst. Komarova Akad. Nauk S.S.S.R. 12: 113 (1950)",,,Q5732625,,,urn:lsid:ipni.org:names:506396-1,wfo-0001059751,3965683,,
b769ccd6-8fcd-11eb-924d-9cd76263cbd0,species,romanica,Medicago,,Prodán,0,1923,,"Fl. Roman. 1: 617 1923",,,,,,,wfo-0001060526,,,
b82982ce-8fcd-11eb-924d-9cd76263cbd0,species,rostrata,Medicago,,"(Boiss. & Balansa) E.Small",0,1987,,"Willdenowia 16: 434 (1987)",,,,b659abea-8fcd-11eb-924d-9cd76263cbd0,,urn:lsid:ipni.org:names:943783-1,wfo-0001062222,3965678,,
8b59107e-8fc9-11eb-924d-9cd76263cbd0,species,rotata,Medicago,,Boiss.,0,1843,,"Diagn. Pl. Orient. 2: 24 (1843)",,,Q5804986,,,urn:lsid:ipni.org:names:506397-1,wfo-0000213466,2965314,,
61b45e38-1d4d-11ec-82c2-f14daa6f2d93,subspecies,blancheana,Medicago,rotata,"(Boiss.) Ponert",,1972,,"Feddes Repert. 83: 639 (1972 publ. 1973)",,,Q5643138,,,urn:lsid:ipni.org:names:885605-1,wfo-0001364619,,,
0a2baaf6-8fc5-11eb-924d-9cd76263cbd0,subspecies,bonarotiana,Medicago,rotata,"(Arcang.) Ponert",0,1972,,"Feddes Repert. 83: 639 (1972 publ. 1973)",,,Q5643138,2584f2c2-8fc4-11eb-924d-9cd76263cbd0,,urn:lsid:ipni.org:names:885606-1,wfo-0000191128,2965475,,
b73f7e9a-8fcd-11eb-924d-9cd76263cbd0,subspecies,eliezeri,Medicago,rotata,"(Eig) Ponert",0,1972,,"Feddes Repert. 83: 639 (1972 publ. 1973)",,Q55754699,Q5643138,,,urn:lsid:ipni.org:names:885607-1,wfo-0001060153,8243322,,
b8042e20-8fcd-11eb-924d-9cd76263cbd0,variety,eliezeri,Medicago,rotata,Eig,0,1927,,"Inst. Agric. Nat. Hist. Bull. 6: 20, pl. 6, f. a 1927",,,,,,,wfo-0001061901,8243322,,
23d5f59a-1d48-11ec-82c2-f14daa6f2d93,variety,rotata,Medicago,rotata,Boiss.,,,,,,,,,,,wfo-0000186232,,,
8b66ea1e-8fc9-11eb-924d-9cd76263cbd0,species,rugosa,Medicago,,Desr.,0,1792,,"Encycl. 3: 632 (1792)",,,,,,urn:lsid:ipni.org:names:506399-1,wfo-0000213467,2965584,,
34633440-8fcc-11eb-924d-9cd76263cbd0,species,rugulosa,Medicago,,Batt.,0,1889,,"Fl. Algérie , Dicot.: 239 (1889)",,,,,,urn:lsid:ipni.org:names:506400-1,wfo-0000374471,3965656,,
9faac7e8-8fc9-11eb-924d-9cd76263cbd0,species,rupestris,Medicago,,M.Bieb.,0,1808,,"Fl. Taur.-Caucas. 2: 225 (1808)",,,,,,urn:lsid:ipni.org:names:506401-1,wfo-0000213858,2965523,,
0ae1e7b8-8fc4-11eb-924d-9cd76263cbd0,species,ruthenica,Medicago,,"(L.) Ledeb.",0,,,,,,,0ad523de-8fc4-11eb-924d-9cd76263cbd0,,,wfo-0000186026,2965238,,
b52aaf8a-8fcd-11eb-924d-9cd76263cbd0,species,ruthenica,Medicago,,"(L.) Trautv.",0,1841,,"Bull. Sci. Acad. Imp. Sci. Saint-Pétersbourg 8: 271 (1841)",,,,0ad523de-8fc4-11eb-924d-9cd76263cbd0,,urn:lsid:ipni.org:names:506403-1,wfo-0001055361,7873446,,
ab84a120-8fcd-11eb-924d-9cd76263cbd0,variety,inschanica,Medicago,ruthenica,"(H.C.Fu & Y.Q.Jiang) X.Y.Zhu",0,2007,,"Legumes China : 607 (2007)",,,,bedbe5f4-8fd1-11eb-924d-9cd76263cbd0,,urn:lsid:ipni.org:names:77092781-1,wfo-0001033719,3965645,,
34636ea6-8fcc-11eb-924d-9cd76263cbd0,species,sabolensis,Medicago,,H.Lév.,0,1909,,"Monde Pl. sér. 2, 11: 26. 1909",,,,,,urn:lsid:ipni.org:names:506405-1,wfo-0000374473,3965642,,
b710f75a-8fcd-11eb-924d-9cd76263cbd0,species,sabulensis,Medicago,,H.Lév.,0,1909,,"Repert. Spec. Nov. Regni Veg. 7: 200 (1909)",,Q55751565,Q6105814,,,urn:lsid:ipni.org:names:506406-1,wfo-0001059737,3965639,,
b7114a48-8fcd-11eb-924d-9cd76263cbd0,species,sagarrae,Medicago,,Sennen,0,1922,,"Bull. Soc. Bot. France 68: 405, nomen. 1922 [1921 publ. 1922]",,Q55757090,Q5735483,,,urn:lsid:ipni.org:names:506407-1,wfo-0001059740,3965635,,
34638db4-8fcc-11eb-924d-9cd76263cbd0,species,sardoa,Medicago,,Moris,0,1827,,"Stirp. Sard. Elench. 1: 15 (1827)",,,,,,urn:lsid:ipni.org:names:506408-1,wfo-0000374474,3965631,,
8b746298-8fc9-11eb-924d-9cd76263cbd0,species,sativa,Medicago,,L.,0,1753,,"Sp. Pl. : 778 (1753)",,,Q849308,,,urn:lsid:ipni.org:names:30234961-2,wfo-0000213468,9151957,,
b759c3b8-8fcd-11eb-924d-9cd76263cbd0,form,alba,Medicago,sativa,Benke,0,1935,,"Amer. Midl. Naturalist 16: 424 (1935)",,Q55765576,,,,urn:lsid:ipni.org:names:155746-2,wfo-0001060388,3911852,,
af0de102-8fc9-11eb-924d-9cd76263cbd0,subspecies,ambigua,Medicago,sativa,"(Trautv.) Tutin",0,,,,,,,,,,wfo-0000214151,2965344,,
6e46eea4-1d4d-11ec-82c2-f14daa6f2d93,variety,caerulea,Medicago,sativa,"(Less. ex Ledeb.) Urb.",,1873,,"Verh. Bot. Vereins Prov. Brandenburg 15(1): 57 (1873)",,,,,,urn:lsid:ipni.org:names:60475735-2,wfo-0001381857,,,
af1ba224-8fc9-11eb-924d-9cd76263cbd0,subspecies,caerulea,Medicago,sativa,"(Ledeb.) Schmalh.",0,,,,,,,,,,wfo-0000214152,2965327,,
08525c64-8fc7-11eb-924d-9cd76263cbd0,subspecies,caucasica,Medicago,sativa,"(Vassilcz.) Lubenetz",0,,,,,,,08454934-8fc7-11eb-924d-9cd76263cbd0,,,wfo-0000200732,2965484,,
89740ca0-8fc9-11eb-924d-9cd76263cbd0,subspecies,falcata,Medicago,sativa,"(L.) Arcang.",0,1882,,"Comp. Fl. Ital. [Arcangeli] 160. 1882 [Jan-Apr 1882]",,,,,,urn:lsid:ipni.org:names:60475718-2,wfo-0000213428,2965357,,
d76a745e-8fc8-11eb-924d-9cd76263cbd0,variety,falcata,Medicago,sativa,"(L.) Döll",0,1843,,"Rhein. Fl. : 802 (1843)",,,,,,urn:lsid:ipni.org:names:60475744-2,wfo-0000210025,7224593,,
44e89328-1d4d-11ec-82c2-f14daa6f2d93,form,gaetula,Medicago,sativa,Urb.,,1873,,"Verh. Bot. Vereins Prov. Brandenburg 15(1): 57, figs. 15-16. 1873 [8 Aug 1873]",,,,,,urn:lsid:ipni.org:names:60475733-2,wfo-0001325543,,,
08fe2206-8fc7-11eb-924d-9cd76263cbd0,variety,gigantea,Medicago,sativa,Grossh.,0,,,,,,,,,,wfo-0000200747,2965425,,
0ae4c310-8fc5-11eb-924d-9cd76263cbd0,subspecies,glandulosa,Medicago,sativa,"(W.D.J.Koch) Arcang.",0,1882,,"Comp. Fl. Ital. [Arcangeli] 160. 1882 [Jan-Apr 1882]",,,,b7f78abc-8fcd-11eb-924d-9cd76263cbd0,,urn:lsid:ipni.org:names:60475719-2,wfo-0000191144,,,
7b895570-1d4d-11ec-82c2-f14daa6f2d93,variety,glandulosa,Medicago,sativa,"(W.D.J.Koch) Urb.",,1873,,"Verh. Bot. Vereins Prov. Brandenburg 15(1): 56. 1873 [8 Aug 1873]",,,,,,urn:lsid:ipni.org:names:60475727-2,wfo-0001399073,,,
25d9daf8-8fc4-11eb-924d-9cd76263cbd0,subspecies,glomerata,Medicago,sativa,"(Balb.) Rouy",0,,,,,,,8981aaea-8fc9-11eb-924d-9cd76263cbd0,,,wfo-0000186621,9231953,,
44e86d58-1d4d-11ec-82c2-f14daa6f2d93,form,glomerata,Medicago,sativa,"(Balb.) Urb.",,1873,,"Verh. Bot. Vereins Prov. Brandenburg 15(1): 56. 1873 [8 Aug 1873]",,,,,,urn:lsid:ipni.org:names:60475729-2,wfo-0001325542,,,
b7c72200-8fcd-11eb-924d-9cd76263cbd0,variety,glomerata,Medicago,sativa,"(Balb.) Urb.",0,1882,,"Comp. Fl. Ital. [Arcangeli] 160. 1882 [Jan-Apr 1882]",,,,8981aaea-8fc9-11eb-924d-9cd76263cbd0,,urn:lsid:ipni.org:names:60475739-2,wfo-0001061356,7965944,,
b7f7df76-8fcd-11eb-924d-9cd76263cbd0,subspecies,glomerata,Medicago,sativa,"(Balb.) Tutin",0,1968,,"Feddes Repert. 79(1–2): 53 1968",,,Q5643138,8981aaea-8fc9-11eb-924d-9cd76263cbd0,,,wfo-0001061794,7965944,,
425086c0-1d4d-11ec-82c2-f14daa6f2d93,form,glutinosa,Medicago,sativa,"(M.Bieb.) Urb.",,1873,,"Verh. Bot. Vereins Prov. Brandenburg 15(1): 56 (1873)",,,,,,urn:lsid:ipni.org:names:60475728-2,wfo-0001322073,,,
6e476898-1d4d-11ec-82c2-f14daa6f2d93,variety,glutinosa,Medicago,sativa,"(M.Bieb.) Arcang.",,1882,,"Comp. Fl. Ital. : 160 (1882)",,,,,,urn:lsid:ipni.org:names:60475738-2,wfo-0001381860,,,
42506014-1d4d-11ec-82c2-f14daa6f2d93,form,gracilis,Medicago,sativa,Urb.,,1873,,"Verh. Bot. Vereins Prov. Brandenburg 15(1): 56 (1873)",,,,,,urn:lsid:ipni.org:names:60475726-2,wfo-0001322072,,,
6e4740c0-1d4d-11ec-82c2-f14daa6f2d93,variety,gracilis,Medicago,sativa,"(Urb.) Arcang.",,1882,,"Comp. Fl. Ital. : 160 (1882)",,,,,,urn:lsid:ipni.org:names:60475737-2,wfo-0001381859,,,
b7f816ee-8fcd-11eb-924d-9cd76263cbd0,variety,grandiflora,Medicago,sativa,Grossh.,0,,,,,,,,,,wfo-0001061796,8181802,,
61b48584-1d4d-11ec-82c2-f14daa6f2d93,subspecies,hemicycla,Medicago,sativa,"(Grossh.) C.R.Gunn",,1978,,"Techn. Bull. U.S.D.A. 1574: 15 (1978)",,,,,,urn:lsid:ipni.org:names:885608-1,wfo-0001364620,,,
73e6b4d4-1d4d-11ec-82c2-f14daa6f2d93,variety,integrifoliola,Medicago,sativa,C.W.Chang,,1981,,"Fl. Tsinling. 1(3): 444 (1981)",,,,,,urn:lsid:ipni.org:names:948641-1,wfo-0001388994,,,
8b903acc-8fc9-11eb-924d-9cd76263cbd0,subspecies,microcarpa,Medicago,sativa,Urb.,0,1873,,"Verh. Bot. Vereins Prov. Brandenburg 15: 57 (1873)",,,,,,urn:lsid:ipni.org:names:60475732-2,wfo-0000213470,2965325,,
6e46c35c-1d4d-11ec-82c2-f14daa6f2d93,variety,pauciflora,Medicago,sativa,"(Ledeb.) Urb.",,1873,,"Verh. Bot. Vereins Prov. Brandenburg 15(1): 57 (1873)",,,,,,urn:lsid:ipni.org:names:60475734-2,wfo-0001381856,,,
6e471708-1d4d-11ec-82c2-f14daa6f2d93,variety,pilifera,Medicago,sativa,Urb.,,1873,,"Verh. Bot. Vereins Prov. Brandenburg 15(1): 57 (1873)",,,,,,urn:lsid:ipni.org:names:60475736-2,wfo-0001381858,,,
682f540c-1d4d-11ec-82c2-f14daa6f2d93,variety,polia,Medicago,sativa,C.J.Brand,,1907,,"Bull. Bur. Pl. Industr. U.S.D.A. 118: 23 (1907)",,,,,,urn:lsid:ipni.org:names:155747-2,wfo-0001373829,,,
43bae7bc-1d4d-11ec-82c2-f14daa6f2d93,form,prolifera,Medicago,sativa,Dore,,1959,,"Canad. Field-Naturalist 73: 150. 1959",,,,,,urn:lsid:ipni.org:names:155748-2,wfo-0001323967,,,
411b43da-1d4d-11ec-82c2-f14daa6f2d93,form,salaverryensis,Medicago,sativa,J.F.Macbr.,,1930,,"Publ. Field Columb. Mus., Bot. Ser. 8: 97 (1930)",,,Q6090663,,,urn:lsid:ipni.org:names:155749-2,wfo-0001320517,,,
38f0f5f6-1d48-11ec-82c2-f14daa6f2d93,subspecies,sativa,Medicago,sativa,L.,,,,Unknown,,,,,,urn:lsid:ipni.org:names:77190497-1,wfo-0000213469,,,
a2585346-1d4c-11ec-82c2-f14daa6f2d93,form,sativa,Medicago,sativa,,,,,,,,,,,,wfo-0001061242,,,
adc603c0-8fcd-11eb-924d-9cd76263cbd0,variety,tibetana,Medicago,sativa,Alef.,0,,,,,,,,,,wfo-0001038643,7742227,,
0aa83d8a-8fc7-11eb-924d-9cd76263cbd0,variety,transoxana,Medicago,sativa,"(Vassilcz.) Lubenetz",0,,,,,,,,,,wfo-0000200780,8175225,,
b7f7f8bc-8fcd-11eb-924d-9cd76263cbd0,subspecies,transoxana,Medicago,sativa,Lubenetz,0,,,,,,,,,,wfo-0001061795,8175225,,
0af6e5ac-8fc7-11eb-924d-9cd76263cbd0,subspecies,varia,Medicago,sativa,"(Martyn) O.Bolos & Vigo",0,,,,,,,,,,wfo-0000200786,7655438,,
2c33f168-8fc4-11eb-924d-9cd76263cbd0,subspecies,varia,Medicago,sativa,"(Martyn) Arcang.",0,1882,,"Comp. Fl. Ital. [Arcangeli] 160. 1882",,,,,,,wfo-0000186768,8316569,,
7b8998b4-1d4d-11ec-82c2-f14daa6f2d93,variety,varia,Medicago,sativa,"(Martyn) Urb.",,1873,,"Verh. Bot. Vereins Prov. Brandenburg 15(1): 56. 1873 [8 Aug 1873]",,,,,,urn:lsid:ipni.org:names:60475730-2,wfo-0001399074,,,
425038c8-1d4d-11ec-82c2-f14daa6f2d93,form,viscosa,Medicago,sativa,"(Rchb.) Urb.",,1873,,"Verh. Bot. Vereins Prov. Brandenburg 15(1): 56 (1873)",,,,,,urn:lsid:ipni.org:names:60475725-2,wfo-0001322071,,,
61b4b9fa-1d4d-11ec-82c2-f14daa6f2d93,subspecies,viscosa,Medicago,sativa,"(Rchb.) C.R.Gunn",,1978,,"Techn. Bull. U.S.D.A. 1574: 18 (1978)",,,,,,urn:lsid:ipni.org:names:885611-1,wfo-0001364622,,,
6e469d5a-1d4d-11ec-82c2-f14daa6f2d93,variety,viscosa,Medicago,sativa,"(Rchb.) Arcang.",,1882,,"Comp. Fl. Ital. : 160 (1882)",,,,,,urn:lsid:ipni.org:names:60475722-2,wfo-0001381855,,,
5eaf32ee-1d4d-11ec-82c2-f14daa6f2d93,subspecies,vulgaris,Medicago,sativa,"(Alef.) Arcang.",,1882,,"Comp. Fl. Ital. : 160 (1882)",,,,,,urn:lsid:ipni.org:names:60475720-2,wfo-0001360509,,,
7b89c988-1d4d-11ec-82c2-f14daa6f2d93,variety,vulgaris,Medicago,sativa,"(Alef.) Urb.",,1873,,"Verh. Bot. Vereins Prov. Brandenburg 15(1): 57. 1873 [8 Aug 1873]",,,,,,urn:lsid:ipni.org:names:60475731-2,wfo-0001399075,,,
2c4011c8-8fc4-11eb-924d-9cd76263cbd0,subspecies,xvaria,Medicago,sativa,"(Martyn) Arcang.",0,,,,,,,,,,wfo-0000186769,2965338,,
8bb170ac-8fc9-11eb-924d-9cd76263cbd0,species,sauvagei,Medicago,,Nègre,0,1954,,"Compt.-Rend. Séances Soc. Sci. Nat. Maroc 20: 175 (1954)",,,,,,urn:lsid:ipni.org:names:506411-1,wfo-0000213472,2965556,,
9fb9836e-8fc9-11eb-924d-9cd76263cbd0,species,saxatilis,Medicago,,M.Bieb.,0,1808,,"Fl. Taur.-Caucas. 2: 225 (1808)",,,,,,urn:lsid:ipni.org:names:506412-1,wfo-0000213859,2965308,,
3462bcf4-8fcc-11eb-924d-9cd76263cbd0,species,schimperiana,Medicago,,"Hochst. ex Boiss.",0,1872,,"Fl. Orient. 2: 104 (1872)",,,,,,urn:lsid:ipni.org:names:506413-1,wfo-0000374467,3965616,,
b7122580-8fcd-11eb-924d-9cd76263cbd0,species,schirjaewi,Medicago,,Hand.-Mazz.,0,1938,,"Oesterr. Bot. Z. 87: 123 (1938)",,,,,,urn:lsid:ipni.org:names:506414-1,wfo-0001059748,7448228,,
0a319c70-8fc7-11eb-924d-9cd76263cbd0,species,schischkinii,Medicago,,Sumnev.,0,1932,,"Sist. Zametki Mater. Gerb. Krylova Tomsk. Gosud. Univ. Kuybysheva 1-2: 5. 1932",,,,,,,wfo-0000200770,2965437,,
b711d364-8fcd-11eb-924d-9cd76263cbd0,species,schischkinii,Medicago,,Sumnev.,,1932,,"Sist. Zametki Mater. Gerb. Krylova Tomsk. Gosud. Univ. Kuybysheva 1932: (1-2): 5 (1932)",,,,,,urn:lsid:ipni.org:names:506415-1,wfo-0001059745,2965437,,
3462dd92-8fcc-11eb-924d-9cd76263cbd0,species,scutellaris,Medicago,,Rchb.,0,1867,,"Icon. Fl. Germ. Helv. 22: t. 2114 (1867)",,,,,,urn:lsid:ipni.org:names:506416-1,wfo-0000374468,3965606,,
8bc09d3e-8fc9-11eb-924d-9cd76263cbd0,species,scutellata,Medicago,,"(L.) Mill.",0,1768,,"Gard. Dict. ed. 8 : n.º 2 (1768)",,,,5b467a54-8fcc-11eb-924d-9cd76263cbd0,,urn:lsid:ipni.org:names:506418-1,wfo-0000213473,2965397,,
8bcfd560-8fc9-11eb-924d-9cd76263cbd0,species,secundiflora,Medicago,,Durieu,0,1845,,"Rev. Bot. Recueil Mens. i. (1845) 365.",,,,,,,wfo-0000213474,2965236,,
e7c97392-8fc1-11eb-924d-9cd76263cbd0,species,secundiflora,Medicago,,Durand,0,,,,,,,,,,wfo-0000174431,8334938,,
3462fade-8fcc-11eb-924d-9cd76263cbd0,species,secundiramea,Medicago,,"Willk. & Lange",0,1877,,"Prodr. Fl. Hispan. 3: 417 (1877)",,,Q2712448,,,urn:lsid:ipni.org:names:506420-1,wfo-0000374469,3965594,,
346b170a-8fcc-11eb-924d-9cd76263cbd0,species,sessilis,Medicago,,"Peyron ex Post",0,1896,,"Fl. Syria : 10 (1896)",,,,,,urn:lsid:ipni.org:names:506421-1,wfo-0000374511,3965591,,
346f8baa-8fcc-11eb-924d-9cd76263cbd0,species,shepardii,Medicago,,"Post ex Boiss.",0,1888,,"Fl. Orient. , Suppl.: 163 (1888)",,,,,,urn:lsid:ipni.org:names:506422-1,wfo-0000374541,,,
3468a9fc-8fcc-11eb-924d-9cd76263cbd0,species,sibirica,Medicago,,Ser.,0,1825,,"Prodr. [A. P. de Candolle] 2: 173. 1825 [mid Nov 1825]",,,Q2712448,,,urn:lsid:ipni.org:names:506423-1,wfo-0000374500,7606800,,
0cc4952a-8fc5-11eb-924d-9cd76263cbd0,species,sicula,Medicago,,Tod.,0,1868,,"Index Seminum (PAL, Panormitani) 1868: 27 (1868)",,,,,,urn:lsid:ipni.org:names:506424-1,wfo-0000191185,2965210,,
0a3ee65a-8fc7-11eb-924d-9cd76263cbd0,species,sinskiae,Medicago,,Uljanova,0,1964,,"Novosti Sist. Vyssh. Rast. 1964: 175 (1964)",,,Q5655751,,,urn:lsid:ipni.org:names:506425-1,wfo-0000200771,2965313,,
a508910a-8fc6-11eb-924d-9cd76263cbd0,species,sirjeaewii,Medicago,,Hand.-Mazz.,0,,,,,,,,,,wfo-0000198904,2965219,,
0a2467b2-8fc7-11eb-924d-9cd76263cbd0,species,sogdiana,Medicago,,Vassilcz.,0,1946,,"Bot. Zhurn. S.S.S.R. 31(3): 24 (1946)",,,Q2504738,,,urn:lsid:ipni.org:names:506426-1,wfo-0000200769,2965340,,
8bde160c-8fc9-11eb-924d-9cd76263cbd0,species,soleirolii,Medicago,,Duby,0,1828,,"Bot. Gall. , ed. 2, 1: 124 (1828)",,,,,,urn:lsid:ipni.org:names:506427-1,wfo-0000213475,2965516,,
0cd0fdec-8fc5-11eb-924d-9cd76263cbd0,species,sorrentinii,Medicago,,Tod.,0,,,,,,,,,,wfo-0000191186,2965212,,
346d731a-8fcc-11eb-924d-9cd76263cbd0,species,sorrentinoi,Medicago,,Tineo,0,1859,,"Index Seminum (PAL, Panormitani) 1859: 30 (1859)",,,,,,urn:lsid:ipni.org:names:506428-1,wfo-0000374528,3965564,,
346ea028-8fcc-11eb-924d-9cd76263cbd0,species,sphaerocarpa,Medicago,,Costa,0,1864,,"Introd. Fl. Cataluña : 60 (1864)",,,,,,urn:lsid:ipni.org:names:506429-1,wfo-0000374535,7651609,,
bf2d9bb8-8fc9-11eb-924d-9cd76263cbd0,species,sphaerocarpos,Medicago,,Bertol.,0,1810,,"Rar. Lig. [Ital.] Pl. 3: 60 (1810)",,,,,,urn:lsid:ipni.org:names:506430-1,wfo-0000214460,2965211,,
0f8610e0-8fc5-11eb-924d-9cd76263cbd0,species,spinulosa,Medicago,,DC.,0,1815,,"Fl. Franç. , ed. 3, 5: 569 (1815)",,,,,,urn:lsid:ipni.org:names:506431-1,wfo-0000191240,2965480,,
346dd508-8fcc-11eb-924d-9cd76263cbd0,species,spuria,Medicago,,Hy,0,1895,,"J. Bot. (Morot) 9: 431 (1895)",,,Q5946687,,,urn:lsid:ipni.org:names:506432-1,wfo-0000374531,3965553,,
346df83a-8fcc-11eb-924d-9cd76263cbd0,species,stellata,Medicago,,"(Forssk.) Trautv.",0,1841,,"Bull. Sci. Acad. Imp. Sci. Saint-Pétersbourg 8: 272 (1841)",,,,,,urn:lsid:ipni.org:names:506433-1,wfo-0000374532,3965550,,
346e168a-8fcc-11eb-924d-9cd76263cbd0,species,stipularis,Medicago,,Wallr.,0,1840,,"Erst. Beitr. Fl. Hercyn. 2: 260 (1840)",,,,,,urn:lsid:ipni.org:names:506434-1,wfo-0000374533,3965548,,
0f48212c-8fc5-11eb-924d-9cd76263cbd0,species,strasseri,Medicago,,"Greuter, Matthäs & Risse",0,1982,,"Willdenowia 12: 201 (1982)",,,,,,urn:lsid:ipni.org:names:900287-1,wfo-0000191234,2965237,,
bf125db2-8fc9-11eb-924d-9cd76263cbd0,species,striata,Medicago,,Bastard,0,1814,,"J. Bot. Agric. 3: 19 (1814)",,,,,,urn:lsid:ipni.org:names:506435-1,wfo-0000214458,2965252,,
346d36c0-8fcc-11eb-924d-9cd76263cbd0,species,stricta,Medicago,,"Wallr. ex Urb.",0,1872,,"Index Seminum (B, Berolinensis) 1872(App.): 3 (1872)",,,,,,urn:lsid:ipni.org:names:506436-1,wfo-0000374526,3965540,,
346db6ae-8fcc-11eb-924d-9cd76263cbd0,species,strumaria,Medicago,,Steud.,0,1821,,"Nomencl. Bot. 1: 514 (1821)",,,,,,urn:lsid:ipni.org:names:506437-1,wfo-0000374530,3965533,,
0acf8e30-8fc7-11eb-924d-9cd76263cbd0,species,subdicycla,Medicago,,"(Trautv.) Vassilcz.",0,1946,,"Bot. Zhurn. S.S.S.R. 31(3): 23 (1946)",,,Q2504738,0ac25daa-8fc7-11eb-924d-9cd76263cbd0,,urn:lsid:ipni.org:names:506438-1,wfo-0000200783,2965345,,
090bb6be-8fc7-11eb-924d-9cd76263cbd0,species,subfalcata,Medicago,,Sinskaya,0,1938,,"Bot. Zhurn. S.S.S.R. 23: 333 (1938)",,,Q2504738,,,urn:lsid:ipni.org:names:506440-1,wfo-0000200748,2965423,,
b52acce0-8fcd-11eb-924d-9cd76263cbd0,species,subflacata,Medicago,,Schur,0,1866,,"Enum. Pl. Transsilv. 151 1866",,,,,,,wfo-0001055362,7773286,,
0c002ffa-8fc5-11eb-924d-9cd76263cbd0,species,subinermis,Medicago,,Bertol.,0,1852,,"Fl. Ital. 8: 290 (1852)",,,,,,urn:lsid:ipni.org:names:506441-1,wfo-0000191168,2965486,,
8bec1464-8fc9-11eb-924d-9cd76263cbd0,species,suffruticosa,Medicago,,"Ramond ex DC.",0,1805,,"Fl. Franç. , ed. 3, 4: 541 (1805)",,,,,,urn:lsid:ipni.org:names:506442-1,wfo-0000213476,2965415,,
25fdfb2c-8fc4-11eb-924d-9cd76263cbd0,subspecies,leiocarpa,Medicago,suffruticosa,"(Benth.) Urb.",0,,,,,,,,,,wfo-0000186624,2965417,,
3973f6fe-1d48-11ec-82c2-f14daa6f2d93,subspecies,suffruticosa,Medicago,suffruticosa,DC.,,,,Unknown,,,,,,urn:lsid:ipni.org:names:77190487-1,wfo-0000214153,,,
346cfe26-8fcc-11eb-924d-9cd76263cbd0,species,sulcata,Medicago,,"(Desf.) E.H.L.Krause",0,1901,,"Deutschl. Fl. Abbild. , ed. 2, 9: 124 (1901)",,,,,,urn:lsid:ipni.org:names:506443-1,wfo-0000374524,3965508,,
b4530b06-8fc9-11eb-924d-9cd76263cbd0,species,sylvestris,Medicago,,Fr.,0,1843,,"Novit. Fl. Suec. Mant. 3: 92 (1843)",,,,,,urn:lsid:ipni.org:names:506444-1,wfo-0000214251,2965335,,
346d1956-8fcc-11eb-924d-9cd76263cbd0,species,syriaca,Medicago,,E.Small,0,1990,,"Canad. J. Bot. 68: 1476 (1990)",,Q95998140,,,,urn:lsid:ipni.org:names:940222-1,wfo-0000374525,3965500,,
b6e42aae-8fcd-11eb-924d-9cd76263cbd0,species,syriaco-palestinica,Medicago,,"(Bordakov) Sinskaya",0,1950,,"Fl. Cult. Pl. 13(1): 61 (1950)",,,,,,urn:lsid:ipni.org:names:506445-1,wfo-0001059332,,,
0ab53bca-8fc7-11eb-924d-9cd76263cbd0,species,tadzhicorum,Medicago,,Vassilcz.,0,1981,,"Novosti Sist. Vyssh. Rast. 18: 211 (1981)",,,Q5655751,,,urn:lsid:ipni.org:names:898205-1,wfo-0000200781,2965322,,
1f795792-8fc4-11eb-924d-9cd76263cbd0,species,talcata,Medicago,,L.,0,,,,,,,,,,wfo-0000186484,2965368,,
0a4c303a-8fc7-11eb-924d-9cd76263cbd0,species,talyschensis,Medicago,,Latsch.,0,1969,,"Zametki Sist. Geogr. Rast. 27: 76 (1969)",,,,,,urn:lsid:ipni.org:names:506447-1,wfo-0000200772,2965513,,
0afda952-8fc5-11eb-924d-9cd76263cbd0,species,tenderiensis,Medicago,,Klokov,0,1948,,"Bot. urn. (Kiev) 5(1): 45 (1948)",,,,,,urn:lsid:ipni.org:names:70029409-1,wfo-0000191146,2965369,,
9fc6ff12-8fc9-11eb-924d-9cd76263cbd0,species,tenoreana,Medicago,,Ser.,0,1825,,"Prodr. 2: 180 (1825)",,,Q2712448,,,urn:lsid:ipni.org:names:506448-1,wfo-0000213860,2965557,,
0f60e4e6-8fc5-11eb-924d-9cd76263cbd0,species,tentaculata,Medicago,,Willd.,0,1802,,"Sp. Pl., ed. 4 , 3: 1413 (1802)",,,Q849308,,,urn:lsid:ipni.org:names:506449-1,wfo-0000191237,2965286,,
346ef79e-8fcc-11eb-924d-9cd76263cbd0,species,tenuifolia,Medicago,,C.Presl,0,1826,,"Fl. Sicul. : xx (1826)",,,Q16568226,,,urn:lsid:ipni.org:names:506450-1,wfo-0000374536,3965477,,
3470579c-8fcc-11eb-924d-9cd76263cbd0,species,tenuis,Medicago,,"(Fisch. ex M.Bieb.) Trautv.",0,1841,,"Bull. Sci. Acad. Imp. Sci. Saint-Pétersbourg 8: 271 (1841)",,,,,,urn:lsid:ipni.org:names:506451-1,wfo-0000374548,3965473,,
346e3b24-8fcc-11eb-924d-9cd76263cbd0,species,terebella,Medicago,,St.-Lag.,0,1880,,"Ann. Soc. Bot. Lyon vii. (1880) 130.",,,Q29185916,,,urn:lsid:ipni.org:names:506452-1,wfo-0000374534,3965470,,
0e89f01c-8fc5-11eb-924d-9cd76263cbd0,species,terebellum,Medicago,,Willd.,0,1802,,"Sp. Pl., ed. 4 , 3: 1416 (1802)",,,Q849308,,,urn:lsid:ipni.org:names:506453-1,wfo-0000191218,2965538,,
346fe7d0-8fcc-11eb-924d-9cd76263cbd0,species,tetracycla,Medicago,,C.Presl,0,1826,,"Fl. Sicul. : xx (1826)",,,Q16568226,,,urn:lsid:ipni.org:names:506454-1,wfo-0000374544,3965466,,
3470051c-8fcc-11eb-924d-9cd76263cbd0,species,tetrahemicycla,Medicago,,Sinskaya,0,1950,,"Fl. Cult. Pl. 13(1): 83 (1950)",,,,,,urn:lsid:ipni.org:names:506455-1,wfo-0000374545,3965463,,
348fe628-8fc4-11eb-924d-9cd76263cbd0,species,tianschanica,Medicago,,Vassilcz.,0,1940,,"Bot. Zhurn. S.S.S.R. 25: 244 (1940)",,,Q2504738,,,urn:lsid:ipni.org:names:506456-1,wfo-0000186951,2965332,,
08bb73e8-8fc7-11eb-924d-9cd76263cbd0,variety,grossheimii,Medicago,tianschanica,"(Vassilcz.) Ubukeeva",0,,,,,,,,,,wfo-0000200741,2965512,,
b7123f2a-8fcd-11eb-924d-9cd76263cbd0,species,tibetana,Medicago,,"(Alef.) Vassilcz.",0,1950,,"Vol. Sci. Works Leningrad 1941-43 : 101 (1946)",,,,adc603c0-8fcd-11eb-924d-9cd76263cbd0,,urn:lsid:ipni.org:names:506457-1,wfo-0001059749,3965460,,
0f16981e-8fc5-11eb-924d-9cd76263cbd0,species,timeroyi,Medicago,,Jord.,0,1848,,"Cat. Jard. Dijon : 29 (1848)",,,,,,urn:lsid:ipni.org:names:506458-1,wfo-0000191230,2965444,,
34703c80-8fcc-11eb-924d-9cd76263cbd0,species,todaroana,Medicago,,Lojac.,0,1906,,"Malpighia 20: 202 (1906)",,,,,,urn:lsid:ipni.org:names:506459-1,wfo-0000374547,3965451,,
346fcc3c-8fcc-11eb-924d-9cd76263cbd0,species,tomentosa,Medicago,,Dulac,0,1867,,"Fl. Hautes-Pyrénées : 278 (1867)",,,,,,urn:lsid:ipni.org:names:506460-1,wfo-0000374543,3965446,,
8a517e32-8fc9-11eb-924d-9cd76263cbd0,species,tornata,Medicago,,"(L.) Mill.",0,1768,,"Gard. Dict. ed. 8 : n.º 3 (1768)",,,,0b9df59c-8fc5-11eb-924d-9cd76263cbd0,,urn:lsid:ipni.org:names:506461-1,wfo-0000213446,2965250,,
8a28ddb0-8fc9-11eb-924d-9cd76263cbd0,subspecies,helix,Medicago,tornata,"(Willd.) Ooststr. & Reichg.",0,,,,,,,0b6062c2-8fc5-11eb-924d-9cd76263cbd0,,,wfo-0000213443,2965254,,
4554edc0-1d4d-11ec-82c2-f14daa6f2d93,form,inermis,Medicago,tornata,"K.A.Lesins & I.Lesins",,1979,,"Gen. Medicago 159, 160, without latin descr. 1979",,,,,,urn:lsid:ipni.org:names:885612-1,wfo-0001326098,,,
7d04a4d6-1d4d-11ec-82c2-f14daa6f2d93,variety,parvicarpa,Medicago,tornata,"K.A.Lesins & I.Lesins",,1979,,"Gen. Medicago 159, 160, without latin descr. 1979",,,,,,urn:lsid:ipni.org:names:885613-1,wfo-0001400999,,,
0bb6bbd6-8fc5-11eb-924d-9cd76263cbd0,subspecies,striata,Medicago,tornata,"(Bastard) Kerguélen",0,1987,,"Lejeunia , n.s., 120: 127 (1987)",,,,bf125db2-8fc9-11eb-924d-9cd76263cbd0,,urn:lsid:ipni.org:names:953379-1,wfo-0000191161,,,
27eee89e-1d48-11ec-82c2-f14daa6f2d93,subspecies,tornata,Medicago,tornata,"(L.) Mill.",,,,,,,,,,,wfo-0000191157,,,
346f52ac-8fcc-11eb-924d-9cd76263cbd0,species,tortuosa,Medicago,,"Schwägr. ex Steud.",0,1821,,"Nomencl. Bot. 1: 514 (1821)",,,,,,urn:lsid:ipni.org:names:506465-1,wfo-0000374539,3965417,,
0a8df092-8fc7-11eb-924d-9cd76263cbd0,species,transoxana,Medicago,,Vassilcz.,0,1941,,"Vol. Sci. Works Leningrad 1941-43 : 101 (1946)",,,,,,urn:lsid:ipni.org:names:506466-1,wfo-0000200778,2965320,,
0bbcc364-8fc0-11eb-924d-9cd76263cbd0,species,trautvetteri,Medicago,,Sumnev.,0,,,,,,,,,,wfo-0000163687,2965347,,
b711edfe-8fcd-11eb-924d-9cd76263cbd0,species,trautvetterii,Medicago,,Sumnev.,,1932,,"Sist. Zametki Mater. Gerb. Krylova Tomsk. Gosud. Univ. Kuybysheva 1932: (1-2): 3 (1932)",,,,,,urn:lsid:ipni.org:names:506467-1,wfo-0001059746,,,
cc2ff482-8fc9-11eb-924d-9cd76263cbd0,species,tribuloides,Medicago,,Desr.,0,1792,,"Encycl. 3: 635 (1792)",,,,,,urn:lsid:ipni.org:names:506468-1,wfo-0000214732,2965285,,
6d31590a-1d4d-11ec-82c2-f14daa6f2d93,variety,truncatula,Medicago,tribuloides,W.D.J.Koch,,1835,,"Syn. Fl. Germ. Helv. 1: 178 (1835)",,,,,,urn:lsid:ipni.org:names:59766-3,wfo-0001380421,,,
0c0c4d6c-8fc5-11eb-924d-9cd76263cbd0,species,tricycla,Medicago,,DC.,0,1813,,"Cat. Pl. Horti Monsp. : 125 (1813)",,,,,,urn:lsid:ipni.org:names:506469-1,wfo-0000191169,2965491,,
346f374a-8fcc-11eb-924d-9cd76263cbd0,species,trigonella,Medicago,,E.H.L.Krause,0,1901,,"Deutschl. Fl. Abbild. , ed. 2, 9: 122 (1901)",,,,,,urn:lsid:ipni.org:names:506471-1,wfo-0000374538,3965403,,
346fa9aa-8fcc-11eb-924d-9cd76263cbd0,species,trigyna,Medicago,,Sennen,0,1927,,"Bol. Soc. Ibér. Ci. Nat. 26: 88 (1927)",,,,,,urn:lsid:ipni.org:names:506472-1,wfo-0000374542,3965400,,
b6e44ad4-8fcd-11eb-924d-9cd76263cbd0,species,tripolitanica,Medicago,,"(Bordakov) Sinskaya",0,1950,,"Fl. Cult. Pl. 13(1): 59 (1950)",,,,,,urn:lsid:ipni.org:names:506473-1,wfo-0001059333,7679596,,
2273bd84-8fc4-11eb-924d-9cd76263cbd0,species,truncata,Medicago,,Gaertn.,0,,,,,,,,,,wfo-0000186547,2965282,,
8bf9d982-8fc9-11eb-924d-9cd76263cbd0,species,truncatula,Medicago,,Gaertn.,0,1790,,"Fruct. Sem. Pl. 2: 150 (1790)",,,,,,urn:lsid:ipni.org:names:506474-1,wfo-0000213477,2965280,,
433cc4e0-1d4d-11ec-82c2-f14daa6f2d93,form,laxicycla,Medicago,truncatula,E.Small,,1991,,"Pl. Syst. Evol. 174: 38 (1991)",,,,,,urn:lsid:ipni.org:names:965104-1,wfo-0001323324,,,
8a94e834-8fc9-11eb-924d-9cd76263cbd0,subspecies,littoralis,Medicago,truncatula,"(Rohde ex Loisel.) Ponert",0,1972,,"Feddes Repert. 83: 639 (1972 publ. 1973)",,,Q5643138,8a79d9ea-8fc9-11eb-924d-9cd76263cbd0,,urn:lsid:ipni.org:names:885614-1,wfo-0000213452,2965493,,
8c07bbc4-8fc9-11eb-924d-9cd76263cbd0,subspecies,longiaculeata,Medicago,truncatula,"(Urb.) Ponert",0,1972,,"Feddes Repert. 83: 639 (1972 publ. 1973)",,,Q5643138,b8044a22-8fcd-11eb-924d-9cd76263cbd0,,urn:lsid:ipni.org:names:885615-1,wfo-0000213478,6550157,,
b8044a22-8fcd-11eb-924d-9cd76263cbd0,variety,longiaculeata,Medicago,truncatula,Urb.,0,1873,,"Verh. Bot. Vereins Prov. Brandenburg 15: 67 1873",,,,,,,wfo-0001061902,6550157,,
7cdf6ab8-1d4d-11ec-82c2-f14daa6f2d93,variety,longispina,Medicago,truncatula,Urb.,,1873,,"Verhandlungen des Botanischen Vereins der  Provinz Brandenburg 15  1873",,,,,,urn:lsid:ipni.org:names:86269-3,wfo-0001400783,,,
23d6597c-1d48-11ec-82c2-f14daa6f2d93,subspecies,truncatula,Medicago,truncatula,Gaertn.,,,,,,,,,,,wfo-0000186234,,,
23d6c3a8-1d48-11ec-82c2-f14daa6f2d93,variety,truncatula,Medicago,truncatula,Gaertn.,,1873,,"Verhandlungen des Botanischen Vereins der  Provinz Brandenburg 15  1873",,,,,,urn:lsid:ipni.org:names:86296-3,wfo-0000186236,,,
45551232-1d4d-11ec-82c2-f14daa6f2d93,form,uncinata,Medicago,truncatula,"(Willd.) K.A.Lesins & I.Lesins",,1979,,"Gen. Medicago 168. 1979",,,,,,urn:lsid:ipni.org:names:885616-1,wfo-0001326099,,,
b52ae978-8fcd-11eb-924d-9cd76263cbd0,species,truncatulata,Medicago,,"Gren. & Godr.",0,1848,,"Fl. France [Grenier] 1: 395, sphalm. [Dec 1848 publ. Dec 1848-Jan 1849]",,,,,,urn:lsid:ipni.org:names:506475-1,wfo-0001055363,3965386,,
8c1509d2-8fc9-11eb-924d-9cd76263cbd0,species,tuberculata,Medicago,,"(Retz.) Willd.",0,1802,,"Sp. Pl., ed. 4 , 3: 1410 (1802)",,,Q849308,0f798438-8fc5-11eb-924d-9cd76263cbd0,,urn:lsid:ipni.org:names:506477-1,wfo-0000213479,2965482,,
b52b03b8-8fcd-11eb-924d-9cd76263cbd0,species,tuberculata,Medicago,,Urb.,0,1872,,"Index Seminum (B, Berolinensis) 1872(App.): 3 (1872)",,,,,,urn:lsid:ipni.org:names:506476-1,wfo-0001055364,7943749,,
b52b1e48-8fcd-11eb-924d-9cd76263cbd0,species,tubinata,Medicago,,Carmign.,0,1810,,"Giorn. Pisano Lett. 12(1): 13 1810",,,,,,,wfo-0001055365,8338945,,
8c30269a-8fc9-11eb-924d-9cd76263cbd0,species,tunetana,Medicago,,"(Murb.) A.W.Hill",0,1897,,"Contrib. Fl. Nord-Ouest Afr. Ser. 1. i. 62 (1897) (Act. Reg. Soc. Physiogr. Lund, viii).",,,,,,urn:lsid:ipni.org:names:506478-1,wfo-0000213481,8420751,,
8c22c2b6-8fc9-11eb-924d-9cd76263cbd0,species,turbinata,Medicago,,"(L.) All.",0,,,,,,,2addec98-8fb4-11eb-924d-9cd76263cbd0,,,wfo-0000213480,2965461,,
b52b3ac2-8fcd-11eb-924d-9cd76263cbd0,species,turbinata,Medicago,,"(L.) All.",0,1785,,"Fl. Pedem. 1: 315 (1785)",,,,,,urn:lsid:ipni.org:names:506480-1,wfo-0001055366,7904441,,
0f9277fe-8fc5-11eb-924d-9cd76263cbd0,subspecies,spinulosa,Medicago,turbinata,"(DC.) Ponert",0,1972,,"Feddes Repert. 83: 640 (1972 publ. 1973)",,,Q5643138,0f8610e0-8fc5-11eb-924d-9cd76263cbd0,,urn:lsid:ipni.org:names:885617-1,wfo-0000191241,2965478,,
23d628a8-1d48-11ec-82c2-f14daa6f2d93,variety,turbinata,Medicago,turbinata,"(L.) All.",,,,,,,,,,,wfo-0000186233,,,
346b6c32-8fcc-11eb-924d-9cd76263cbd0,species,umbellata,Medicago,,Ser.,0,1825,,"Prodr. [A. P. de Candolle] 2: 178. 1825 [mid Nov 1825]",,,Q2712448,,,urn:lsid:ipni.org:names:506482-1,wfo-0000374514,7897289,,
0f6d120c-8fc5-11eb-924d-9cd76263cbd0,species,uncinata,Medicago,,Willd.,0,1802,,"Sp. Pl., ed. 4 , 3: 1417 (1802)",,,Q849308,,,urn:lsid:ipni.org:names:506483-1,wfo-0000191238,2965283,,
b710dd38-8fcd-11eb-924d-9cd76263cbd0,species,urbani,Medicago,,"Heldr. ex Boiss.",0,1888,,"Fl. Orient. , Suppl.: 165 (1888)",,,,,,urn:lsid:ipni.org:names:506486-1,wfo-0001059736,,,
0adcb5ec-8fc7-11eb-924d-9cd76263cbd0,species,vardanis,Medicago,,Vassilcz.,0,1946,,"Bot. Zhurn. S.S.S.R. 31(3): 24 (1946)",,,Q2504738,,,urn:lsid:ipni.org:names:506487-1,wfo-0000200784,2965215,,
b460a78e-8fc9-11eb-924d-9cd76263cbd0,species,varia,Medicago,,Martyn,0,1793,,"Fl. Rust. 3: 87 (1793)",,,,,,urn:lsid:ipni.org:names:506488-1,wfo-0000214252,2965331,,
b52b54c6-8fcd-11eb-924d-9cd76263cbd0,species,varia,Medicago,,Martyn,0,1793,,"Fl. Rust. 3: 87 (1793)",,,,,,urn:lsid:ipni.org:names:506488-1,wfo-0001055367,2965331,,
45dbdc22-1d4d-11ec-82c2-f14daa6f2d93,form,agropyretorum,Medicago,varia,"(Vassilcz.) D.F.Cui",,1992,,"Adv. Pl. Taxon. Northwest China (eds. Z.Y. Yu, X.Y. Li & W.Z. Di) 47 (1992):.",,,,,,urn:lsid:ipni.org:names:981951-1,wfo-0001326746,,,
4346dc0a-1d4d-11ec-82c2-f14daa6f2d93,form,ambigua,Medicago,varia,"(Trautv.) D.F.Cui",,1992,,"Advances Pl. Taxon. Northwest China : 47 (1992)",,,,,,urn:lsid:ipni.org:names:981949-1,wfo-0001323385,,,
43470478-1d4d-11ec-82c2-f14daa6f2d93,form,rivularis,Medicago,varia,"(Vassilcz.) D.F.Cui",,1992,,"Advances Pl. Taxon. Northwest China : 47 (1992)",,,,,,urn:lsid:ipni.org:names:981950-1,wfo-0001323386,,,
c4022c14-8fd1-11eb-924d-9cd76263cbd0,form,schischkinii,Medicago,varia,"(Sumnevicz, in Animadvers.) D.F.Cui",0,1992,,"Adv. Pl. Taxon. Northwest China (eds. Z.Y. Yu, X.Y. Li & W.Z. Di) 47 (1992):.",,,,b711d364-8fcd-11eb-924d-9cd76263cbd0,,urn:lsid:ipni.org:names:981948-1,wfo-0001261475,3965345,,
45dc018e-1d4d-11ec-82c2-f14daa6f2d93,form,subdicycla,Medicago,varia,"(Trautv.) D.F.Cui",,1992,,"Adv. Pl. Taxon. Northwest China (eds. Z.Y. Yu, X.Y. Li & W.Z. Di) 47 (1992), as 'sudbicycla':.",,,,,,urn:lsid:ipni.org:names:981952-1,wfo-0001326747,,,
45dc3e06-1d4d-11ec-82c2-f14daa6f2d93,form,tianschanica,Medicago,varia,"(Vassilcz.) D.F.Cui",,1992,,"Adv. Pl. Taxon. Northwest China (eds. Z.Y. Yu, X.Y. Li & W.Z. Di) 48 (1992):.",,,,,,urn:lsid:ipni.org:names:981953-1,wfo-0001326748,,,
b73197ee-8fcd-11eb-924d-9cd76263cbd0,species,vassilczenkoi,Medicago,,Vorosch.,,1966,,"Fl. Sovetsk. Dal'n. Vost. : 271 (1966)",,,,,,urn:lsid:ipni.org:names:506489-1,wfo-0001060019,2981552,,
b52b71fe-8fcd-11eb-924d-9cd76263cbd0,species,verloti,Medicago,,"Song. & Perrier",0,1864,,"Billotia 1: 74 1864",,,,,,,wfo-0001055368,,,
3468e43a-8fcc-11eb-924d-9cd76263cbd0,species,verlotii,Medicago,,"Songeon & E.P.Perrier",0,1864,,"Billotia 1: 74 (1864)",,,,,,urn:lsid:ipni.org:names:506490-1,wfo-0000374502,8427993,,
0a75cf78-8fc5-11eb-924d-9cd76263cbd0,species,vermicularis,Medicago,,Ces.,0,1838,,"Reise Neu-Griechenl. 4: 274 (1838)",,,,,,urn:lsid:ipni.org:names:506491-1,wfo-0000191134,2965507,,
34690348-8fcc-11eb-924d-9cd76263cbd0,species,villosa,Medicago,,DC.,0,1805,,"Fl. Franç. , ed. 3, 4: 545 (1805)",,,,,,urn:lsid:ipni.org:names:506492-1,wfo-0000374503,8416597,,
346924ea-8fcc-11eb-924d-9cd76263cbd0,species,villosa,Medicago,,Brot.,0,1805,,"Fl. Lusit. 2: 116 (1804)",,,,,,urn:lsid:ipni.org:names:506493-1,wfo-0000374504,3965309,,
346b3302-8fcc-11eb-924d-9cd76263cbd0,species,villosula,Medicago,,Baumg.,0,1816,,"Enum. Stirp. Transsilv. 2: 382 (1816)",,,,,,urn:lsid:ipni.org:names:506494-1,wfo-0000374512,3965305,,
0ae9eed8-8fc7-11eb-924d-9cd76263cbd0,species,virescens,Medicago,,Grossh.,0,1919,,"Zap. Nauchno-Prikl. Otd. Tiflissk. Bot. Sada 1: 26 (1919)",,,,,,urn:lsid:ipni.org:names:506495-1,wfo-0000200785,2965520,,
917cf71c-8fc0-11eb-924d-9cd76263cbd0,species,virginica,Medicago,,L.,0,1753,,"Sp. Pl. 2: 778. 1753 [1 May 1753]",,,Q849308,,,urn:lsid:ipni.org:names:155750-2,wfo-0000166795,2955690,,
346a901e-8fcc-11eb-924d-9cd76263cbd0,species,viscida,Medicago,,Schur,0,1877,,"in Verh. Naturf. Ver. Bruenn xv. II. (1877) 173.",,,,,,urn:lsid:ipni.org:names:506497-1,wfo-0000374507,3965296,,
346aba62-8fcc-11eb-924d-9cd76263cbd0,species,viscidula,Medicago,,"Bellardi ex Colla",0,1834,,"Herb. Pedem. 2: 100 (1834)",,,,,,urn:lsid:ipni.org:names:506498-1,wfo-0000374508,3965293,,
346ad8da-8fcc-11eb-924d-9cd76263cbd0,species,vulgaris,Medicago,,Alef.,0,1866,,"Landw. Fl. 75. 1866",,,,,,urn:lsid:ipni.org:names:506499-1,wfo-0000374509,3965289,,
0c3e1428-8fc5-11eb-924d-9cd76263cbd0,species,wildenowii,Medicago,,Merat,0,,,,,,,,,,wfo-0000191174,,,
346af78e-8fcc-11eb-924d-9cd76263cbd0,species,willdenowii,Medicago,,Mérat,0,1812,,"Nouv. Fl. Env. Paris : 296 (1812)",,,,,,urn:lsid:ipni.org:names:506500-1,wfo-0000374510,3965284,,
bd526748-8fcd-11eb-924d-9cd76263cbd0,species,elegans,Medicia,,"Gardner & Champ.",0,1849,,"Hooker's J. Bot. Kew Gard. Misc. 1: 325 (1849)",,,,,,urn:lsid:ipni.org:names:546629-1,wfo-0001074181,4019010,,
